34.000 12.000 32.000
1.000 1.000 2.000
5.000 3.000 2.000
2.000 1.000 2.000
3.000 5.000 1.000
2.000 7.000 8.000
4.000 6.000 2.000
10.000 17.000 3.000
5.000 3.000 4.000
1.000 4.000 4.000
27.000 31.000 5.000
2.000 48.000 39.000
14.000 4.000 1.000
3.000 1.000 3.000
3.000 1.000 5.000
5.000 8.000 8.000
1.000 1.000 1.000
1.000 1.000 1.000
1.000 2.000 1.000
13.000 14.000 8.000
2.000 2.000 2.000
5.000 5.000 1.000
1.000 1.000 2.000
1.000 1.000 1.000
64.000 68.000 18.000
2.000 3.000 3.000
2.000 2.000 2.000
2.000 2.000 8.000
1.000 13.000 7.000
2.000 2.000 1.000
2.000 1.000 1.000
5.000 13.000 23.000
1.000 2.000 1.000
2.000 3.000 1.000
5.000 5.000 7.000
156.000 41.000 146.000
1.000 4.000 2.000
2.000 1.000 2.000
22.000 70.000 8.000
8.000 10.000 5.000
1.000 2.000 2.000
78.000 19.000 38.000
1.000 2.000 2.000
105.000 58.000 31.000
142.000 1.000 54.000
172.000 103.000 98.000
40.000 19.000 55.000
16.000 11.000 47.000
36.000 15.000 48.000
5.000 156.000 12.000
12.000 23.000 34.000
80.000 4.000 62.000
14.000 5.000 14.000
15.000 17.000 17.000
2.000 10.000 12.000
1.000 1.000 3.000
6.000 20.000 13.000
2.000 21.000 23.000
2.000 7.000 2.000
12.000 17.000 2.000
14.000 16.000 1.000
5.000 8.000 4.000
1.000 78.000 62.000
2.000 1.000 3.000
4.000 5.000 3.000
3.000 1.000 1.000
6.000 3.000 3.000
1.000 1.000 2.000
12.000 1.000 8.000
15.000 19.000 18.000
63.000 58.000 93.000
14.000 70.000 44.000
25.000 47.000 15.000
7.000 8.000 7.000
23.000 35.000 15.000
31.000 2.000 13.000
11.000 5.000 31.000
2.000 2.000 1.000
1.000 1.000 2.000
1.000 4.000 5.000
2.000 2.000 2.000
12.000 14.000 4.000
1.000 1.000 2.000
5.000 8.000 7.000
7.000 7.000 7.000
1.000 1.000 4.000
9.000 6.000 4.000
3.000 2.000 4.000
11.000 8.000 11.000
12.000 8.000 4.000
2.000 2.000 1.000
4.000 3.000 1.000
5.000 5.000 5.000
2.000 2.000 2.000
4.000 2.000 1.000
6.000 5.000 4.000
4.000 2.000 6.000
3.000 4.000 3.000
10.000 18.000 16.000
7.000 8.000 9.000
2.000 6.000 9.000
17.000 7.000 8.000
32.000 15.000 7.000
4.000 5.000 30.000
41.000 48.000 48.000
15.000 4.000 2.000
5.000 5.000 1.000
13.000 2.000 12.000
8.000 2.000 4.000
17.000 2.000 6.000
2.000 2.000 1.000
1.000 1.000 1.000
3.000 2.000 3.000
5.000 7.000 5.000
1.000 2.000 1.000
3.000 3.000 1.000
7.000 3.000 9.000
6.000 8.000 6.000
5.000 2.000 2.000
6.000 3.000 1.000
1.000 8.000 4.000
2.000 1.000 1.000
8.000 6.000 8.000
2.000 2.000 4.000
2.000 3.000 2.000
2.000 2.000 2.000
3.000 2.000 1.000
6.000 17.000 7.000
2.000 4.000 1.000
1.000 4.000 6.000
2.000 1.000 1.000
11.000 7.000 12.000
2.000 2.000 3.000
3.000 1.000 1.000
2.000 3.000 1.000
3.000 3.000 3.000
1.000 2.000 2.000
4.000 2.000 2.000
5.000 2.000 1.000
3.000 3.000 3.000
1.000 3.000 1.000
2.000 1.000 2.000
2.000 1.000 1.000
2.000 2.000 1.000
1.000 8.000 8.000
1.000 2.000 2.000
2.000 2.000 2.000
1.000 1.000 1.000
1.000 3.000 2.000
2.000 2.000 2.000
1.000 2.000 1.000
7.000 6.000 2.000
2.000 2.000 2.000
4.000 6.000 3.000
4.000 9.000 10.000
1.000 3.000 3.000
1.000 5.000 4.000
5.000 5.000 4.000
1.000 2.000 2.000
1.000 2.000 2.000
8.000 5.000 8.000
2.000 1.000 1.000
5.000 6.000 5.000
2.000 4.000 3.000
2.000 1.000 2.000
1.000 2.000 1.000
6.000 7.000 5.000
1.000 1.000 1.000
7.000 8.000 1.000
12.000 16.000 8.000
2.000 3.000 3.000
4.000 5.000 4.000
12.000 7.000 3.000
3.000 2.000 1.000
1.000 1.000 1.000
1.000 3.000 5.000
4.000 5.000 10.000
2.000 2.000 1.000
1.000 2.000 1.000
3.000 3.000 1.000
2.000 2.000 2.000
1.000 2.000 5.000
1.000 2.000 2.000
2.000 6.000 6.000
2.000 2.000 1.000
4.000 7.000 7.000
2.000 2.000 2.000
2.000 2.000 2.000
1.000 3.000 2.000
6.000 6.000 4.000
1.000 1.000 2.000
1.000 2.000 2.000
1.000 1.000 1.000
1.000 3.000 1.000
13.000 24.000 28.000
6.000 4.000 4.000
2.000 1.000 2.000
5.000 1.000 5.000
5.000 10.000 6.000
1.000 1.000 2.000
8.000 1.000 8.000
9.000 19.000 33.000
6.000 12.000 9.000
11.000 42.000 16.000
5.000 10.000 5.000
1.000 6.000 3.000
1.000 2.000 1.000
49.000 86.000 28.000
3.000 2.000 1.000
2.000 1.000 1.000
2.000 1.000 1.000
1.000 2.000 1.000
668.000 19.000 172.000
3.000 4.000 4.000
2.000 2.000 1.000
3.000 5.000 6.000
2.000 1.000 1.000
1.000 2.000 1.000
1.000 2.000 5.000
34.000 12.000 28.000
37.000 6.000 57.000
3.000 1.000 2.000
25.000 19.000 25.000
2.000 2.000 1.000
7.000 4.000 2.000
1.000 3.000 3.000
2.000 2.000 1.000
2.000 1.000 2.000
2.000 1.000 2.000
2.000 2.000 2.000
1.000 2.000 1.000
11.000 11.000 7.000
1.000 1.000 2.000
1.000 2.000 2.000
1.000 6.000 2.000
2.000 2.000 1.000
4.000 1.000 4.000
13.000 13.000 14.000
5.000 1.000 8.000
10.000 3.000 6.000
3.000 2.000 1.000
12.000 50.000 6.000
4.000 2.000 4.000
2.000 1.000 2.000
3.000 3.000 2.000
2.000 1.000 2.000
2.000 2.000 4.000
1.000 2.000 2.000
3.000 1.000 3.000
3.000 2.000 4.000
3.000 3.000 2.000
2.000 2.000 1.000
2.000 2.000 2.000
1.000 3.000 3.000
1.000 1.000 1.000
1.000 1.000 1.000
1.000 1.000 1.000
1.000 1.000 2.000
1.000 1.000 2.000
3.000 3.000 3.000
45.000 26.000 7.000
5.000 3.000 2.000
1.000 2.000 1.000
1.000 2.000 2.000
3.000 1.000 1.000
2.000 2.000 2.000
2.000 1.000 1.000
1.000 2.000 1.000
2.000 1.000 2.000
3.000 3.000 2.000
14.000 17.000 15.000
1.000 3.000 2.000
18.000 1.000 2.000
7.000 6.000 10.000
2.000 2.000 1.000
5.000 5.000 4.000
1.000 2.000 1.000
2.000 3.000 2.000
1.000 3.000 1.000
1.000 2.000 2.000
3.000 1.000 5.000
2.000 7.000 6.000
1.000 1.000 2.000
1.000 3.000 1.000
1.000 3.000 3.000
255.000 706.000 434.000
17.000 2.000 15.000
8.000 3.000 14.000
5.000 3.000 6.000
7.000 33.000 6.000
6.000 7.000 6.000
1.000 1.000 2.000
2.000 2.000 2.000
6.000 4.000 1.000
12.000 14.000 4.000
1.000 1.000 2.000
4.000 2.000 7.000
2.000 1.000 2.000
1.000 2.000 2.000
3.000 3.000 2.000
6.000 4.000 7.000
7.000 5.000 8.000
12.000 3.000 5.000
2.000 2.000 2.000
3.000 1.000 4.000
2.000 1.000 1.000
1.000 2.000 1.000
4.000 2.000 2.000
10.000 25.000 27.000
8.000 1.000 8.000
3.000 2.000 1.000
2.000 1.000 1.000
2.000 2.000 1.000
3.000 4.000 2.000
6.000 2.000 8.000
2.000 1.000 2.000
1.000 4.000 4.000
4.000 2.000 3.000
2.000 1.000 3.000
4.000 4.000 3.000
3.000 1.000 1.000
2.000 2.000 2.000
17.000 3.000 9.000
13.000 22.000 32.000
1.000 1.000 2.000
1.000 1.000 2.000
5.000 2.000 6.000
1.000 1.000 1.000
3.000 2.000 2.000
4.000 1.000 5.000
1.000 2.000 3.000
2.000 1.000 1.000
6.000 7.000 1.000
2.000 2.000 1.000
1.000 1.000 3.000
5.000 3.000 1.000
2.000 1.000 2.000
4.000 2.000 3.000
1.000 3.000 2.000
1.000 1.000 1.000
3.000 5.000 3.000
3.000 1.000 1.000
2.000 1.000 1.000
3.000 3.000 3.000
3.000 1.000 3.000
4.000 2.000 5.000
19.000 11.000 20.000
10.000 19.000 4.000
2.000 4.000 4.000
2.000 1.000 2.000
4.000 3.000 3.000
3.000 1.000 8.000
26.000 5.000 20.000
4.000 8.000 9.000
2.000 5.000 6.000
3.000 4.000 1.000
3.000 5.000 12.000
1.000 2.000 2.000
2.000 8.000 1.000
7.000 6.000 10.000
8.000 20.000 10.000
2.000 4.000 2.000
3.000 1.000 3.000
8.000 5.000 3.000
1.000 1.000 3.000
2.000 1.000 2.000
5.000 9.000 8.000
1.000 2.000 2.000
2.000 3.000 2.000
4.000 2.000 3.000
3.000 1.000 1.000
8.000 8.000 5.000
3.000 2.000 4.000
3.000 1.000 1.000
1.000 2.000 1.000
2.000 2.000 1.000
1.000 1.000 2.000
2.000 2.000 1.000
2.000 1.000 1.000
1.000 1.000 2.000
3.000 2.000 10.000
1.000 2.000 3.000
5.000 2.000 5.000
1.000 1.000 1.000
2.000 12.000 9.000
6.000 2.000 8.000
5.000 4.000 7.000
1.000 2.000 1.000
6.000 1.000 5.000
2.000 1.000 2.000
1.000 2.000 1.000
5.000 5.000 3.000
3.000 1.000 2.000
1.000 1.000 2.000
4.000 3.000 5.000
3.000 5.000 2.000
2.000 3.000 2.000
1.000 2.000 4.000
2.000 1.000 1.000
1.000 4.000 5.000
3.000 5.000 4.000
7.000 4.000 1.000
3.000 1.000 2.000
2.000 2.000 1.000
2.000 2.000 6.000
1.000 2.000 2.000
7.000 6.000 1.000
2.000 2.000 1.000
3.000 4.000 4.000
2.000 2.000 2.000
2.000 2.000 2.000
4.000 2.000 2.000
2.000 1.000 1.000
3.000 2.000 1.000
1.000 2.000 2.000
1.000 2.000 2.000
1.000 1.000 1.000
2.000 2.000 2.000
1.000 2.000 2.000
1.000 2.000 2.000
4.000 2.000 4.000
1.000 2.000 1.000
2.000 2.000 1.000
2.000 2.000 2.000
3.000 3.000 2.000
2.000 1.000 4.000
1.000 2.000 2.000
10.000 16.000 6.000
4.000 5.000 4.000
3.000 2.000 2.000
3.000 1.000 1.000
1.000 2.000 1.000
6.000 4.000 2.000
2.000 3.000 1.000
1.000 2.000 1.000
1.000 5.000 6.000
2.000 4.000 2.000
4.000 5.000 2.000
4.000 8.000 3.000
4.000 1.000 6.000
1.000 2.000 1.000
2.000 1.000 2.000
2.000 1.000 1.000
4.000 1.000 5.000
1.000 2.000 1.000
1.000 3.000 3.000
1.000 2.000 1.000
1.000 2.000 9.000
2.000 2.000 1.000
3.000 2.000 5.000
1.000 3.000 1.000
2.000 1.000 3.000
4.000 2.000 2.000
1.000 6.000 1.000
2.000 4.000 1.000
2.000 2.000 1.000
2.000 1.000 2.000
2.000 2.000 1.000
1.000 2.000 2.000
1.000 2.000 1.000
2.000 1.000 2.000
2.000 1.000 1.000
3.000 5.000 2.000
1.000 2.000 2.000
2.000 2.000 3.000
1.000 1.000 2.000
2.000 2.000 1.000
2.000 2.000 2.000
4.000 3.000 4.000
2.000 1.000 2.000
3.000 1.000 4.000
1.000 1.000 2.000
2.000 1.000 2.000
1.000 1.000 1.000
2.000 1.000 1.000
1.000 1.000 1.000
1.000 2.000 1.000
5.000 1.000 5.000
3.000 1.000 1.000
1.000 2.000 2.000
3.000 3.000 1.000
3.000 3.000 3.000
1.000 2.000 2.000
5.000 4.000 4.000
1.000 2.000 2.000
1.000 7.000 4.000
2.000 2.000 1.000
2.000 2.000 2.000
1.000 2.000 1.000
4.000 5.000 2.000
2.000 2.000 1.000
5.000 4.000 2.000
2.000 2.000 2.000
2.000 2.000 1.000
2.000 1.000 1.000
3.000 2.000 2.000
1.000 1.000 1.000
1.000 1.000 2.000
3.000 1.000 5.000
3.000 2.000 2.000
2.000 1.000 2.000
1.000 3.000 1.000
1.000 2.000 1.000
2.000 2.000 2.000
1.000 2.000 1.000
1.000 2.000 1.000
4.000 2.000 1.000
1.000 1.000 1.000
1.000 1.000 2.000
1.000 3.000 2.000
5.000 3.000 2.000
3.000 1.000 2.000
1.000 1.000 2.000
4.000 7.000 7.000
2.000 2.000 1.000
2.000 2.000 2.000
5.000 4.000 1.000
3.000 2.000 4.000
1.000 2.000 1.000
2.000 2.000 1.000
1.000 1.000 2.000
3.000 1.000 3.000
5.000 4.000 4.000
1.000 2.000 2.000
2.000 1.000 1.000
2.000 1.000 1.000
1.000 4.000 2.000
1.000 1.000 2.000
2.000 1.000 2.000
2.000 1.000 2.000
2.000 2.000 1.000
4.000 2.000 1.000
2.000 1.000 1.000
2.000 1.000 1.000
2.000 1.000 2.000
2.000 1.000 2.000
2.000 2.000 2.000
1.000 2.000 1.000
2.000 1.000 2.000
2.000 3.000 1.000
2.000 1.000 3.000
7.000 4.000 5.000
2.000 1.000 2.000
2.000 2.000 1.000
3.000 3.000 1.000
1.000 1.000 1.000
3.000 4.000 2.000
2.000 4.000 2.000
1.000 2.000 2.000
6.000 12.000 2.000
3.000 1.000 1.000
3.000 2.000 1.000
2.000 3.000 3.000
1.000 2.000 1.000
2.000 2.000 2.000
2.000 2.000 2.000
5.000 5.000 5.000
2.000 1.000 2.000
2.000 1.000 2.000
2.000 1.000 2.000
1.000 1.000 2.000
3.000 2.000 4.000
2.000 3.000 1.000
14.000 13.000 3.000
3.000 1.000 4.000
2.000 2.000 2.000
14.000 9.000 15.000
1.000 1.000 2.000
1.000 2.000 1.000
1.000 3.000 2.000
1.000 2.000 3.000
1.000 4.000 2.000
6.000 7.000 1.000
1.000 3.000 1.000
4.000 3.000 8.000
4.000 2.000 1.000
2.000 2.000 5.000
4.000 1.000 3.000
1.000 2.000 1.000
2.000 1.000 2.000
2.000 2.000 2.000
2.000 2.000 1.000
1.000 1.000 2.000
2.000 1.000 3.000
2.000 2.000 2.000
1.000 2.000 3.000
2.000 2.000 2.000
1.000 1.000 1.000
3.000 1.000 3.000
2.000 1.000 2.000
2.000 1.000 1.000
2.000 2.000 1.000
2.000 2.000 3.000
1.000 2.000 2.000
1.000 1.000 2.000
1.000 2.000 2.000
3.000 3.000 1.000
1.000 1.000 2.000
2.000 3.000 3.000
1.000 1.000 1.000
3.000 1.000 3.000
2.000 1.000 2.000
2.000 1.000 2.000
2.000 1.000 1.000
1.000 4.000 1.000
1.000 3.000 2.000
2.000 1.000 2.000
7.000 1.000 3.000
1.000 1.000 2.000
1.000 1.000 1.000
1.000 4.000 2.000
1.000 1.000 1.000
2.000 3.000 1.000
1.000 1.000 1.000
1.000 1.000 2.000
5.000 1.000 5.000
2.000 2.000 1.000
3.000 1.000 1.000
2.000 1.000 2.000
2.000 2.000 1.000
2.000 1.000 2.000
2.000 1.000 1.000
2.000 1.000 1.000
1.000 2.000 2.000
2.000 1.000 1.000
1.000 2.000 2.000
1.000 1.000 1.000
2.000 2.000 2.000
2.000 1.000 2.000
1.000 1.000 1.000
1.000 2.000 2.000
2.000 1.000 2.000
1.000 1.000 2.000
1.000 1.000 2.000
2.000 1.000 3.000
3.000 1.000 1.000
2.000 1.000 1.000
2.000 1.000 2.000
2.000 2.000 2.000
2.000 2.000 2.000
4.000 1.000 4.000
2.000 1.000 1.000
2.000 2.000 2.000
4.000 2.000 5.000
2.000 2.000 2.000
1.000 2.000 1.000
5.000 4.000 3.000
1.000 3.000 6.000
2.000 1.000 1.000
1.000 1.000 2.000
2.000 1.000 1.000
6.000 5.000 3.000
2.000 2.000 2.000
3.000 2.000 2.000
2.000 3.000 3.000
16.000 9.000 2.000
2.000 2.000 2.000
3.000 2.000 1.000
5.000 5.000 5.000
7.000 2.000 5.000
3.000 1.000 5.000
3.000 2.000 2.000
1.000 2.000 2.000
2.000 1.000 1.000
1.000 2.000 3.000
2.000 1.000 1.000
2.000 3.000 1.000
2.000 1.000 1.000
4.000 7.000 3.000
2.000 2.000 2.000
2.000 2.000 2.000
1.000 1.000 3.000
3.000 2.000 1.000
5.000 8.000 2.000
3.000 4.000 4.000
2.000 4.000 5.000
1.000 1.000 1.000
5.000 2.000 5.000
3.000 3.000 1.000
3.000 3.000 1.000
2.000 1.000 1.000
1.000 2.000 2.000
3.000 1.000 2.000
2.000 2.000 2.000
2.000 1.000 2.000
2.000 2.000 1.000
2.000 3.000 3.000
3.000 3.000 2.000
6.000 11.000 6.000
1.000 1.000 2.000
1.000 2.000 2.000
2.000 1.000 2.000
1.000 1.000 1.000
2.000 2.000 6.000
2.000 1.000 2.000
1.000 1.000 2.000
1.000 2.000 1.000
2.000 1.000 1.000
2.000 2.000 1.000
1.000 2.000 3.000
2.000 5.000 5.000
2.000 2.000 2.000
8.000 7.000 6.000
2.000 1.000 1.000
1.000 3.000 2.000
2.000 4.000 1.000
2.000 1.000 2.000
1.000 2.000 1.000
1.000 1.000 2.000
4.000 1.000 2.000
1.000 2.000 2.000
3.000 3.000 3.000
2.000 2.000 2.000
2.000 2.000 1.000
2.000 1.000 1.000
7.000 1.000 6.000
3.000 4.000 1.000
2.000 2.000 1.000
2.000 2.000 1.000
1.000 1.000 1.000
3.000 2.000 1.000
3.000 3.000 2.000
2.000 1.000 2.000
1.000 2.000 1.000
2.000 2.000 2.000
2.000 1.000 1.000
2.000 1.000 2.000
2.000 3.000 2.000
2.000 1.000 1.000
3.000 1.000 4.000
1.000 1.000 1.000
1.000 2.000 2.000
1.000 3.000 2.000
1.000 3.000 1.000
1.000 1.000 2.000
1.000 2.000 4.000
1.000 1.000 2.000
1.000 2.000 1.000
1.000 1.000 3.000
3.000 2.000 1.000
1.000 1.000 1.000
2.000 1.000 2.000
1.000 2.000 2.000
2.000 2.000 2.000
1.000 1.000 1.000
1.000 2.000 2.000
3.000 2.000 2.000
2.000 2.000 1.000
1.000 1.000 1.000
1.000 2.000 1.000
1.000 2.000 3.000
3.000 2.000 2.000
1.000 2.000 1.000
2.000 1.000 2.000
1.000 1.000 1.000
3.000 1.000 3.000
6.000 6.000 5.000
2.000 1.000 2.000
2.000 1.000 1.000
3.000 3.000 3.000
2.000 1.000 2.000
7.000 9.000 8.000
4.000 2.000 4.000
1.000 1.000 1.000
2.000 2.000 1.000
1.000 1.000 1.000
1.000 1.000 2.000
2.000 2.000 1.000
4.000 2.000 1.000
2.000 2.000 1.000
21.000 52.000 42.000
4.000 3.000 4.000
1.000 1.000 2.000
1.000 2.000 3.000
2.000 2.000 1.000
2.000 3.000 1.000
3.000 1.000 3.000
2.000 1.000 2.000
3.000 2.000 4.000
3.000 3.000 2.000
1.000 1.000 2.000
2.000 1.000 2.000
2.000 1.000 2.000
1.000 3.000 1.000
1.000 2.000 2.000
1.000 2.000 2.000
1.000 2.000 2.000
1.000 2.000 1.000
3.000 3.000 1.000
2.000 1.000 2.000
1.000 2.000 2.000
1.000 1.000 1.000
1.000 2.000 1.000
3.000 3.000 1.000
1.000 2.000 1.000
2.000 1.000 1.000
1.000 1.000 1.000
1.000 1.000 1.000
1.000 1.000 2.000
2.000 2.000 2.000
4.000 3.000 4.000
6.000 7.000 8.000
2.000 3.000 4.000
1.000 7.000 9.000
2.000 1.000 1.000
1.000 1.000 1.000
2.000 2.000 1.000
3.000 1.000 1.000
7.000 4.000 5.000
1.000 2.000 1.000
1.000 2.000 1.000
2.000 1.000 2.000
7.000 3.000 8.000
3.000 1.000 2.000
1.000 2.000 2.000
1.000 2.000 3.000
1.000 1.000 2.000
2.000 1.000 1.000
2.000 1.000 1.000
2.000 1.000 2.000
2.000 2.000 2.000
1.000 2.000 2.000
2.000 1.000 2.000
1.000 2.000 2.000
6.000 4.000 5.000
2.000 2.000 2.000
3.000 2.000 1.000
1.000 2.000 2.000
1.000 1.000 1.000
1.000 2.000 2.000
2.000 1.000 2.000
2.000 2.000 2.000
2.000 1.000 1.000
2.000 2.000 2.000
1.000 2.000 2.000
1.000 4.000 2.000
1.000 2.000 2.000
3.000 1.000 1.000
3.000 3.000 1.000
1.000 2.000 1.000
3.000 2.000 2.000
3.000 1.000 4.000
1.000 3.000 1.000
1.000 2.000 2.000
1.000 2.000 1.000
1.000 3.000 3.000
2.000 1.000 2.000
1.000 2.000 1.000
3.000 1.000 3.000
2.000 2.000 1.000
1.000 2.000 2.000
2.000 2.000 2.000
2.000 1.000 1.000
2.000 2.000 2.000
2.000 2.000 4.000
7.000 4.000 5.000
1.000 10.000 6.000
2.000 6.000 1.000
3.000 1.000 3.000
1.000 2.000 2.000
1.000 2.000 1.000
2.000 1.000 3.000
1.000 2.000 1.000
2.000 1.000 1.000
4.000 3.000 4.000
2.000 2.000 1.000
4.000 3.000 4.000
1.000 1.000 1.000
1.000 1.000 4.000
2.000 1.000 1.000
1.000 1.000 2.000
2.000 1.000 2.000
3.000 1.000 1.000
2.000 1.000 1.000
1.000 2.000 2.000
1.000 1.000 2.000
5.000 5.000 2.000
1.000 1.000 2.000
1.000 1.000 2.000
4.000 4.000 1.000
1.000 1.000 2.000
1.000 1.000 1.000
1.000 1.000 1.000
3.000 1.000 4.000
1.000 1.000 1.000
1.000 2.000 2.000
1.000 1.000 1.000
1.000 1.000 2.000
1.000 2.000 1.000
2.000 2.000 1.000
1.000 2.000 2.000
1.000 2.000 1.000
2.000 2.000 2.000
2.000 1.000 2.000
1.000 2.000 3.000
1.000 2.000 1.000
2.000 2.000 3.000
3.000 3.000 2.000
1.000 1.000 2.000
2.000 4.000 2.000
1.000 1.000 2.000
1.000 3.000 2.000
3.000 1.000 4.000
2.000 4.000 2.000
1.000 1.000 2.000
1.000 1.000 1.000
1.000 1.000 2.000
4.000 3.000 1.000
1.000 1.000 2.000
1.000 2.000 1.000
1.000 2.000 2.000
3.000 3.000 3.000
1.000 1.000 2.000
2.000 5.000 2.000
1.000 2.000 2.000
2.000 2.000 2.000
1.000 2.000 2.000
1.000 1.000 2.000
1.000 2.000 1.000
2.000 1.000 1.000
2.000 1.000 2.000
2.000 2.000 1.000
1.000 1.000 2.000
1.000 2.000 1.000
5.000 5.000 3.000
2.000 2.000 1.000
5.000 5.000 6.000
63.000 44.000 18.000
4.000 9.000 7.000
1.000 2.000 1.000
1.000 3.000 3.000
1.000 1.000 1.000
1.000 2.000 3.000
1.000 1.000 1.000
2.000 2.000 2.000
2.000 1.000 1.000
2.000 2.000 2.000
2.000 2.000 1.000
3.000 1.000 2.000
2.000 2.000 2.000
1.000 2.000 1.000
1.000 1.000 1.000
3.000 1.000 2.000
1.000 1.000 1.000
1.000 1.000 1.000
3.000 3.000 1.000
3.000 1.000 2.000
1.000 1.000 2.000
2.000 1.000 1.000
1.000 4.000 3.000
2.000 2.000 2.000
1.000 1.000 1.000
1.000 2.000 2.000
1.000 2.000 2.000
1.000 2.000 2.000
1.000 2.000 2.000
2.000 2.000 2.000
2.000 1.000 1.000
1.000 1.000 1.000
3.000 3.000 2.000
3.000 1.000 3.000
1.000 1.000 2.000
2.000 1.000 3.000
2.000 2.000 2.000
1.000 1.000 1.000
1.000 2.000 2.000
1.000 2.000 1.000
1.000 1.000 2.000
2.000 2.000 1.000
1.000 2.000 1.000
1.000 2.000 1.000
3.000 2.000 3.000
2.000 1.000 1.000
2.000 1.000 1.000
4.000 1.000 4.000
2.000 2.000 1.000
1.000 1.000 1.000
1.000 1.000 1.000
1.000 1.000 2.000
2.000 1.000 1.000
2.000 1.000 2.000
1.000 1.000 2.000
1.000 3.000 2.000
3.000 1.000 3.000
1.000 2.000 2.000
1.000 2.000 1.000
2.000 1.000 3.000
2.000 2.000 1.000
1.000 1.000 1.000
2.000 2.000 2.000
1.000 2.000 1.000
1.000 2.000 2.000
5.000 3.000 4.000
3.000 3.000 3.000
1.000 2.000 1.000
10.000 3.000 9.000
2.000 2.000 7.000
1.000 2.000 3.000
2.000 1.000 1.000
1.000 2.000 1.000
2.000 2.000 4.000
1.000 2.000 1.000
1.000 2.000 1.000
2.000 2.000 1.000
2.000 1.000 1.000
2.000 2.000 1.000
2.000 2.000 1.000
1.000 1.000 1.000
2.000 2.000 1.000
2.000 2.000 2.000
3.000 2.000 1.000
1.000 2.000 2.000
2.000 2.000 1.000
1.000 1.000 1.000
2.000 1.000 2.000
2.000 2.000 1.000
2.000 1.000 2.000
3.000 1.000 3.000
2.000 2.000 2.000
2.000 1.000 1.000
2.000 1.000 2.000
1.000 1.000 2.000
2.000 1.000 2.000
2.000 1.000 2.000
1.000 1.000 2.000
2.000 2.000 1.000
1.000 1.000 2.000
1.000 2.000 5.000
2.000 3.000 2.000
1.000 1.000 2.000
3.000 1.000 3.000
5.000 6.000 6.000
1.000 5.000 6.000
3.000 1.000 1.000
2.000 1.000 7.000
2.000 2.000 3.000
2.000 2.000 1.000
26.000 20.000 5.000
10.000 6.000 9.000
17.000 18.000 4.000
1.000 6.000 4.000
2.000 3.000 1.000
10.000 8.000 2.000
2.000 1.000 5.000
1.000 3.000 5.000
1.000 2.000 1.000
3.000 3.000 5.000
1.000 2.000 1.000
1.000 1.000 2.000
2.000 2.000 2.000
1.000 1.000 1.000
2.000 1.000 2.000
2.000 1.000 2.000
2.000 2.000 1.000
1.000 1.000 1.000
3.000 1.000 6.000
1.000 3.000 3.000
1.000 2.000 1.000
5.000 4.000 6.000
1.000 9.000 11.000
3.000 5.000 4.000
1.000 1.000 2.000
2.000 1.000 3.000
2.000 3.000 3.000
4.000 1.000 3.000
5.000 5.000 1.000
3.000 3.000 3.000
3.000 3.000 2.000
5.000 5.000 5.000
1.000 4.000 1.000
2.000 4.000 4.000
1.000 4.000 2.000
2.000 2.000 1.000
4.000 4.000 1.000
3.000 4.000 3.000
2.000 1.000 3.000
1.000 1.000 2.000
1.000 1.000 1.000
1.000 2.000 2.000
2.000 2.000 2.000
2.000 2.000 3.000
2.000 2.000 1.000
2.000 2.000 2.000
1.000 2.000 2.000
1.000 3.000 2.000
2.000 2.000 2.000
1.000 1.000 1.000
3.000 1.000 4.000
2.000 1.000 3.000
4.000 3.000 8.000
5.000 6.000 3.000
6.000 2.000 8.000
61.000 7.000 67.000
28.000 3.000 18.000
3.000 6.000 3.000
1.000 1.000 1.000
7.000 1.000 7.000
2.000 2.000 2.000
5.000 1.000 1.000
2.000 1.000 3.000
3.000 4.000 4.000
2.000 1.000 2.000
2.000 1.000 3.000
3.000 3.000 2.000
1.000 1.000 1.000
2.000 1.000 2.000
4.000 4.000 5.000
4.000 6.000 5.000
1.000 2.000 2.000
2.000 3.000 1.000
2.000 2.000 1.000
2.000 1.000 1.000
3.000 3.000 2.000
3.000 2.000 3.000
4.000 4.000 3.000
2.000 1.000 3.000
4.000 4.000 1.000
1.000 2.000 2.000
4.000 4.000 1.000
10.000 5.000 7.000
4.000 2.000 2.000
4.000 2.000 5.000
1.000 2.000 3.000
9.000 9.000 1.000
7.000 1.000 9.000
13.000 4.000 14.000
12.000 8.000 10.000
4.000 4.000 3.000
5.000 6.000 1.000
1.000 2.000 4.000
1.000 2.000 2.000
11.000 5.000 9.000
2.000 2.000 2.000
2.000 2.000 2.000
2.000 2.000 1.000
2.000 1.000 1.000
1.000 1.000 2.000
3.000 1.000 1.000
1.000 2.000 2.000
4.000 4.000 1.000
3.000 3.000 2.000
2.000 1.000 2.000
3.000 1.000 3.000
7.000 4.000 6.000
1.000 1.000 1.000
2.000 1.000 2.000
2.000 1.000 1.000
2.000 1.000 2.000
3.000 2.000 1.000
1.000 1.000 2.000
5.000 4.000 3.000
3.000 3.000 1.000
1.000 2.000 2.000
2.000 1.000 1.000
5.000 2.000 2.000
2.000 2.000 1.000
1.000 1.000 1.000
4.000 2.000 3.000
1.000 3.000 1.000
2.000 2.000 2.000
1.000 2.000 2.000
1.000 2.000 1.000
1.000 1.000 1.000
2.000 2.000 3.000
1.000 2.000 1.000
2.000 1.000 1.000
2.000 1.000 1.000
25.000 1.000 1.000
1.000 2.000 3.000
2.000 3.000 2.000
2.000 1.000 2.000
3.000 1.000 2.000
2.000 3.000 1.000
1.000 1.000 1.000
1.000 2.000 1.000
2.000 1.000 2.000
4.000 3.000 2.000
1.000 2.000 6.000
1.000 2.000 1.000
3.000 3.000 2.000
2.000 2.000 3.000
4.000 2.000 1.000
1.000 2.000 1.000
3.000 2.000 4.000
1.000 2.000 2.000
4.000 1.000 3.000
1.000 3.000 2.000
1.000 3.000 1.000
2.000 1.000 2.000
2.000 1.000 3.000
2.000 2.000 3.000
1.000 2.000 2.000
2.000 1.000 2.000
3.000 1.000 4.000
1.000 1.000 4.000
1.000 2.000 1.000
2.000 3.000 5.000
2.000 1.000 2.000
3.000 2.000 3.000
2.000 1.000 1.000
1.000 1.000 2.000
2.000 3.000 6.000
1.000 2.000 2.000
4.000 2.000 5.000
2.000 2.000 2.000
1.000 1.000 1.000
1.000 2.000 2.000
3.000 3.000 3.000
3.000 3.000 3.000
3.000 4.000 2.000
1.000 1.000 1.000
1.000 2.000 2.000
2.000 5.000 1.000
1.000 2.000 1.000
2.000 2.000 1.000
1.000 1.000 2.000
1.000 3.000 3.000
2.000 2.000 2.000
2.000 1.000 4.000
2.000 2.000 3.000
2.000 2.000 2.000
1.000 1.000 1.000
13.000 24.000 30.000
2.000 2.000 4.000
5.000 2.000 7.000
2.000 2.000 2.000
2.000 3.000 1.000
2.000 1.000 2.000
2.000 2.000 1.000
3.000 1.000 2.000
3.000 1.000 1.000
2.000 2.000 4.000
1.000 1.000 2.000
4.000 2.000 3.000
2.000 2.000 1.000
2.000 1.000 1.000
1.000 1.000 1.000
2.000 3.000 3.000
2.000 1.000 1.000
1.000 1.000 1.000
6.000 14.000 6.000
1.000 2.000 1.000
2.000 2.000 2.000
3.000 1.000 4.000
5.000 2.000 2.000
2.000 1.000 3.000
1.000 2.000 3.000
1.000 1.000 3.000
1.000 2.000 5.000
2.000 1.000 2.000
1.000 1.000 1.000
2.000 1.000 3.000
3.000 4.000 4.000
2.000 2.000 2.000
1.000 1.000 2.000
2.000 1.000 1.000
2.000 1.000 2.000
3.000 4.000 4.000
3.000 4.000 2.000
4.000 3.000 2.000
2.000 2.000 1.000
2.000 3.000 3.000
2.000 2.000 2.000
4.000 8.000 6.000
2.000 2.000 1.000
2.000 2.000 1.000
1.000 1.000 2.000
3.000 4.000 1.000
2.000 1.000 2.000
1.000 2.000 2.000
5.000 2.000 2.000
1.000 1.000 1.000
2.000 1.000 2.000
2.000 1.000 1.000
1.000 1.000 3.000
2.000 2.000 2.000
2.000 1.000 1.000
3.000 2.000 3.000
4.000 1.000 1.000
1.000 2.000 2.000
2.000 3.000 2.000
3.000 3.000 3.000
2.000 6.000 1.000
1.000 2.000 2.000
1.000 1.000 1.000
1.000 3.000 3.000
2.000 2.000 2.000
1.000 1.000 1.000
4.000 5.000 4.000
4.000 1.000 3.000
2.000 2.000 2.000
1.000 2.000 3.000
1.000 2.000 2.000
1.000 1.000 3.000
1.000 1.000 1.000
2.000 2.000 1.000
5.000 7.000 3.000
4.000 1.000 2.000
2.000 3.000 2.000
2.000 2.000 1.000
2.000 5.000 5.000
2.000 1.000 1.000
3.000 1.000 2.000
2.000 1.000 1.000
1.000 3.000 4.000
3.000 1.000 2.000
5.000 1.000 4.000
3.000 1.000 4.000
2.000 1.000 1.000
10.000 6.000 8.000
2.000 3.000 1.000
2.000 2.000 1.000
2.000 3.000 2.000
6.000 4.000 2.000
1.000 1.000 2.000
2.000 1.000 1.000
2.000 2.000 1.000
2.000 2.000 2.000
2.000 1.000 2.000
1.000 2.000 1.000
1.000 1.000 2.000
1.000 1.000 2.000
2.000 2.000 2.000
4.000 1.000 1.000
1.000 1.000 2.000
2.000 2.000 1.000
1.000 2.000 1.000
3.000 1.000 2.000
2.000 1.000 3.000
2.000 1.000 2.000
1.000 1.000 3.000
2.000 2.000 1.000
1.000 2.000 1.000
3.000 3.000 3.000
2.000 2.000 1.000
3.000 3.000 2.000
1.000 1.000 1.000
1.000 3.000 3.000
2.000 1.000 1.000
3.000 2.000 3.000
2.000 2.000 1.000
1.000 3.000 4.000
1.000 2.000 1.000
1.000 2.000 2.000
2.000 2.000 2.000
3.000 1.000 2.000
2.000 2.000 2.000
2.000 1.000 2.000
3.000 8.000 4.000
2.000 1.000 2.000
2.000 2.000 2.000
2.000 1.000 1.000
2.000 2.000 2.000
4.000 3.000 3.000
1.000 2.000 1.000
1.000 3.000 2.000
3.000 1.000 3.000
2.000 1.000 1.000
4.000 3.000 3.000
1.000 1.000 2.000
1.000 2.000 2.000
4.000 14.000 11.000
1.000 1.000 2.000
1.000 2.000 3.000
1.000 3.000 1.000
3.000 2.000 1.000
1.000 1.000 1.000
3.000 2.000 3.000
1.000 1.000 3.000
2.000 2.000 2.000
1.000 2.000 1.000
3.000 3.000 3.000
1.000 1.000 1.000
1.000 2.000 1.000
1.000 1.000 1.000
1.000 4.000 2.000
2.000 2.000 2.000
1.000 1.000 1.000
3.000 1.000 1.000
1.000 1.000 3.000
2.000 1.000 1.000
3.000 4.000 2.000
1.000 3.000 1.000
2.000 1.000 1.000
2.000 2.000 1.000
1.000 1.000 2.000
2.000 1.000 1.000
2.000 3.000 2.000
1.000 1.000 2.000
5.000 2.000 6.000
5.000 3.000 2.000
3.000 1.000 3.000
2.000 5.000 4.000
3.000 3.000 3.000
4.000 1.000 2.000
1.000 1.000 2.000
1.000 1.000 4.000
3.000 1.000 1.000
2.000 2.000 1.000
1.000 2.000 2.000
1.000 2.000 1.000
2.000 4.000 1.000
1.000 1.000 3.000
3.000 1.000 1.000
1.000 2.000 2.000
2.000 1.000 2.000
1.000 3.000 1.000
1.000 2.000 1.000
2.000 2.000 2.000
5.000 6.000 6.000
1.000 1.000 2.000
2.000 3.000 2.000
1.000 2.000 2.000
1.000 2.000 2.000
5.000 3.000 1.000
2.000 1.000 1.000
2.000 2.000 1.000
2.000 2.000 1.000
2.000 1.000 2.000
2.000 1.000 1.000
2.000 1.000 2.000
2.000 2.000 2.000
2.000 2.000 1.000
2.000 1.000 3.000
4.000 4.000 3.000
3.000 3.000 4.000
2.000 2.000 2.000
2.000 2.000 2.000
2.000 3.000 1.000
2.000 1.000 2.000
2.000 3.000 1.000
2.000 1.000 1.000
3.000 1.000 1.000
1.000 2.000 4.000
1.000 1.000 1.000
1.000 2.000 2.000
2.000 2.000 1.000
2.000 1.000 2.000
1.000 2.000 1.000
1.000 1.000 2.000
4.000 1.000 3.000
2.000 1.000 2.000
2.000 1.000 1.000
3.000 5.000 3.000
2.000 3.000 3.000
1.000 2.000 2.000
3.000 2.000 3.000
2.000 2.000 2.000
1.000 2.000 1.000
1.000 2.000 1.000
1.000 1.000 2.000
1.000 5.000 1.000
3.000 1.000 4.000
3.000 2.000 1.000
1.000 2.000 2.000
2.000 1.000 2.000
1.000 1.000 2.000
2.000 3.000 3.000
3.000 3.000 3.000
1.000 1.000 1.000
2.000 3.000 3.000
3.000 1.000 3.000
1.000 2.000 1.000
1.000 2.000 2.000
1.000 2.000 1.000
2.000 3.000 2.000
1.000 1.000 2.000
3.000 1.000 1.000
2.000 2.000 2.000
1.000 1.000 1.000
1.000 3.000 3.000
1.000 1.000 1.000
2.000 3.000 1.000
2.000 2.000 2.000
2.000 2.000 1.000
3.000 2.000 1.000
7.000 6.000 6.000
1.000 1.000 1.000
1.000 2.000 2.000
1.000 2.000 2.000
1.000 2.000 1.000
4.000 2.000 2.000
1.000 1.000 3.000
2.000 1.000 3.000
1.000 2.000 1.000
2.000 1.000 1.000
10.000 10.000 2.000
3.000 2.000 1.000
2.000 2.000 2.000
5.000 3.000 2.000
1.000 2.000 1.000
1.000 1.000 1.000
1.000 1.000 3.000
6.000 5.000 7.000
2.000 1.000 2.000
3.000 4.000 1.000
2.000 2.000 2.000
2.000 2.000 2.000
2.000 1.000 2.000
3.000 1.000 3.000
3.000 4.000 2.000
1.000 2.000 2.000
2.000 1.000 1.000
2.000 5.000 3.000
1.000 2.000 2.000
1.000 2.000 2.000
2.000 1.000 1.000
3.000 1.000 1.000
3.000 3.000 3.000
1.000 2.000 1.000
1.000 2.000 1.000
2.000 1.000 2.000
1.000 2.000 1.000
1.000 1.000 1.000
1.000 2.000 2.000
1.000 2.000 1.000
2.000 2.000 2.000
1.000 3.000 2.000
8.000 7.000 1.000
3.000 2.000 3.000
4.000 4.000 4.000
2.000 1.000 3.000
1.000 2.000 1.000
1.000 1.000 2.000
1.000 1.000 2.000
3.000 3.000 3.000
2.000 2.000 1.000
4.000 3.000 2.000
2.000 2.000 2.000
2.000 1.000 1.000
1.000 2.000 1.000
2.000 1.000 1.000
3.000 4.000 3.000
4.000 1.000 4.000
4.000 2.000 2.000
2.000 1.000 2.000
2.000 2.000 2.000
2.000 1.000 1.000
1.000 1.000 1.000
2.000 1.000 2.000
3.000 3.000 3.000
3.000 1.000 3.000
4.000 4.000 1.000
2.000 2.000 1.000
3.000 1.000 1.000
2.000 2.000 1.000
2.000 2.000 5.000
1.000 1.000 2.000
1.000 3.000 1.000
1.000 1.000 1.000
2.000 1.000 1.000
1.000 3.000 3.000
1.000 2.000 3.000
1.000 5.000 1.000
2.000 2.000 1.000
2.000 3.000 3.000
3.000 2.000 1.000
2.000 2.000 1.000
3.000 3.000 1.000
4.000 3.000 3.000
2.000 3.000 3.000
3.000 3.000 2.000
2.000 1.000 1.000
4.000 4.000 1.000
1.000 1.000 1.000
2.000 1.000 2.000
4.000 3.000 3.000
3.000 1.000 2.000
2.000 1.000 2.000
3.000 8.000 8.000
1.000 1.000 3.000
4.000 1.000 3.000
1.000 1.000 2.000
3.000 1.000 2.000
3.000 1.000 2.000
2.000 2.000 2.000
1.000 1.000 2.000
4.000 3.000 1.000
1.000 1.000 3.000
1.000 1.000 2.000
1.000 2.000 1.000
1.000 3.000 1.000
3.000 3.000 3.000
1.000 3.000 3.000
2.000 2.000 2.000
2.000 2.000 4.000
2.000 1.000 2.000
1.000 1.000 2.000
1.000 1.000 3.000
2.000 1.000 1.000
1.000 3.000 1.000
1.000 2.000 2.000
3.000 1.000 2.000
1.000 2.000 2.000
3.000 4.000 4.000
2.000 2.000 2.000
3.000 2.000 2.000
4.000 4.000 1.000
3.000 1.000 3.000
1.000 2.000 2.000
3.000 4.000 3.000
2.000 2.000 2.000
2.000 1.000 2.000
1.000 2.000 2.000
2.000 2.000 2.000
1.000 5.000 3.000
1.000 2.000 1.000
1.000 6.000 4.000
1.000 2.000 2.000
1.000 3.000 1.000
1.000 1.000 1.000
3.000 3.000 3.000
1.000 2.000 1.000
1.000 2.000 1.000
2.000 3.000 2.000
1.000 2.000 2.000
1.000 2.000 2.000
1.000 2.000 2.000
2.000 2.000 2.000
3.000 1.000 5.000
2.000 1.000 1.000
3.000 4.000 2.000
2.000 2.000 1.000
2.000 3.000 2.000
2.000 2.000 3.000
2.000 2.000 2.000
1.000 1.000 2.000
2.000 2.000 1.000
1.000 2.000 2.000
9.000 2.000 2.000
3.000 3.000 2.000
4.000 3.000 1.000
1.000 4.000 4.000
4.000 2.000 4.000
3.000 1.000 1.000
3.000 5.000 5.000
4.000 2.000 5.000
2.000 1.000 2.000
2.000 1.000 1.000
2.000 2.000 1.000
2.000 1.000 1.000
4.000 2.000 1.000
2.000 2.000 2.000
2.000 2.000 1.000
2.000 3.000 2.000
2.000 1.000 1.000
2.000 2.000 1.000
2.000 1.000 2.000
1.000 5.000 6.000
2.000 2.000 2.000
3.000 3.000 5.000
1.000 1.000 2.000
4.000 2.000 1.000
4.000 2.000 1.000
1.000 2.000 2.000
1.000 1.000 1.000
2.000 5.000 6.000
3.000 2.000 2.000
1.000 1.000 1.000
1.000 1.000 2.000
1.000 2.000 1.000
4.000 4.000 2.000
1.000 1.000 2.000
1.000 3.000 2.000
1.000 1.000 1.000
1.000 2.000 1.000
1.000 1.000 1.000
4.000 4.000 1.000
2.000 2.000 2.000
4.000 1.000 1.000
3.000 5.000 5.000
2.000 2.000 2.000
2.000 3.000 1.000
2.000 2.000 1.000
3.000 1.000 2.000
1.000 3.000 2.000
2.000 3.000 2.000
1.000 1.000 1.000
1.000 2.000 2.000
1.000 2.000 1.000
2.000 1.000 2.000
3.000 1.000 2.000
3.000 8.000 2.000
1.000 4.000 3.000
3.000 3.000 2.000
2.000 1.000 1.000
1.000 2.000 3.000
1.000 2.000 2.000
4.000 3.000 3.000
1.000 2.000 2.000
4.000 1.000 2.000
1.000 2.000 1.000
4.000 3.000 1.000
3.000 3.000 2.000
2.000 3.000 2.000
2.000 3.000 3.000
1.000 1.000 1.000
2.000 2.000 2.000
2.000 1.000 2.000
4.000 3.000 2.000
3.000 4.000 1.000
2.000 1.000 4.000
2.000 2.000 1.000
1.000 1.000 1.000
6.000 4.000 4.000
4.000 2.000 2.000
1.000 1.000 1.000
2.000 1.000 2.000
1.000 2.000 2.000
3.000 4.000 1.000
2.000 2.000 2.000
3.000 2.000 3.000
5.000 1.000 5.000
1.000 2.000 2.000
2.000 2.000 2.000
6.000 7.000 8.000
1.000 3.000 1.000
2.000 3.000 2.000
1.000 5.000 4.000
1.000 2.000 1.000
4.000 3.000 3.000
2.000 2.000 2.000
1.000 1.000 1.000
3.000 3.000 2.000
1.000 1.000 2.000
2.000 1.000 1.000
2.000 1.000 1.000
1.000 2.000 1.000
1.000 1.000 3.000
25.000 22.000 12.000
4.000 3.000 5.000
1.000 3.000 4.000
2.000 2.000 3.000
2.000 1.000 2.000
1.000 1.000 2.000
3.000 2.000 4.000
2.000 3.000 1.000
2.000 1.000 2.000
2.000 3.000 4.000
1.000 1.000 1.000
2.000 2.000 2.000
2.000 2.000 1.000
3.000 3.000 2.000
2.000 2.000 2.000
2.000 2.000 2.000
2.000 4.000 4.000
2.000 2.000 1.000
1.000 1.000 1.000
1.000 1.000 2.000
3.000 1.000 2.000
1.000 1.000 1.000
1.000 1.000 2.000
3.000 2.000 3.000
3.000 3.000 2.000
2.000 1.000 1.000
1.000 2.000 1.000
1.000 1.000 1.000
1.000 5.000 5.000
3.000 2.000 2.000
2.000 2.000 2.000
3.000 2.000 2.000
2.000 5.000 5.000
2.000 1.000 1.000
1.000 2.000 1.000
2.000 2.000 1.000
3.000 3.000 1.000
2.000 2.000 1.000
5.000 7.000 5.000
1.000 2.000 2.000
3.000 2.000 3.000
1.000 2.000 1.000
2.000 1.000 1.000
4.000 4.000 2.000
1.000 1.000 2.000
2.000 1.000 3.000
1.000 2.000 2.000
3.000 1.000 1.000
2.000 2.000 2.000
2.000 3.000 1.000
4.000 3.000 1.000
2.000 1.000 1.000
1.000 1.000 2.000
4.000 3.000 2.000
1.000 2.000 2.000
2.000 1.000 3.000
1.000 1.000 1.000
2.000 5.000 5.000
1.000 2.000 2.000
1.000 2.000 2.000
3.000 2.000 1.000
4.000 1.000 3.000
2.000 4.000 1.000
3.000 1.000 3.000
2.000 2.000 1.000
3.000 3.000 1.000
3.000 3.000 2.000
2.000 1.000 2.000
2.000 1.000 1.000
5.000 1.000 1.000
1.000 2.000 1.000
2.000 4.000 3.000
2.000 2.000 2.000
2.000 2.000 1.000
2.000 2.000 2.000
2.000 1.000 2.000
2.000 1.000 2.000
2.000 1.000 2.000
2.000 1.000 1.000
4.000 1.000 4.000
1.000 2.000 2.000
1.000 3.000 1.000
2.000 1.000 1.000
4.000 3.000 2.000
5.000 3.000 3.000
2.000 2.000 1.000
3.000 3.000 3.000
2.000 2.000 1.000
4.000 1.000 4.000
2.000 2.000 5.000
2.000 4.000 4.000
1.000 2.000 2.000
1.000 2.000 1.000
1.000 2.000 1.000
3.000 1.000 1.000
5.000 1.000 2.000
1.000 1.000 2.000
2.000 1.000 1.000
5.000 2.000 5.000
2.000 1.000 2.000
1.000 1.000 2.000
1.000 1.000 1.000
1.000 2.000 3.000
3.000 3.000 1.000
2.000 1.000 3.000
3.000 1.000 3.000
2.000 3.000 4.000
2.000 2.000 2.000
2.000 1.000 2.000
3.000 3.000 3.000
1.000 1.000 2.000
4.000 3.000 5.000
2.000 2.000 1.000
1.000 6.000 6.000
1.000 2.000 1.000
2.000 1.000 2.000
3.000 2.000 2.000
2.000 2.000 1.000
2.000 2.000 1.000
2.000 3.000 3.000
3.000 3.000 3.000
1.000 1.000 2.000
2.000 2.000 1.000
1.000 1.000 1.000
3.000 4.000 2.000
3.000 3.000 2.000
2.000 1.000 4.000
1.000 1.000 2.000
2.000 3.000 1.000
1.000 2.000 1.000
2.000 2.000 1.000
1.000 1.000 1.000
2.000 2.000 1.000
3.000 3.000 1.000
1.000 1.000 2.000
3.000 3.000 1.000
2.000 5.000 5.000
2.000 1.000 1.000
1.000 4.000 1.000
1.000 1.000 5.000
1.000 1.000 2.000
2.000 3.000 3.000
2.000 1.000 2.000
2.000 1.000 1.000
1.000 2.000 1.000
4.000 2.000 3.000
2.000 1.000 2.000
2.000 2.000 2.000
1.000 1.000 5.000
3.000 2.000 1.000
3.000 2.000 3.000
2.000 2.000 2.000
2.000 1.000 1.000
3.000 3.000 3.000
2.000 1.000 3.000
1.000 1.000 3.000
2.000 2.000 2.000
2.000 1.000 2.000
3.000 2.000 4.000
2.000 1.000 1.000
1.000 1.000 2.000
3.000 3.000 3.000
1.000 2.000 3.000
1.000 2.000 3.000
1.000 2.000 2.000
2.000 1.000 2.000
2.000 1.000 1.000
2.000 2.000 1.000
1.000 1.000 2.000
1.000 1.000 2.000
1.000 2.000 2.000
5.000 4.000 3.000
1.000 1.000 2.000
2.000 2.000 3.000
2.000 1.000 1.000
1.000 1.000 1.000
1.000 1.000 1.000
2.000 1.000 2.000
2.000 3.000 2.000
1.000 1.000 1.000
3.000 1.000 2.000
2.000 2.000 2.000
1.000 2.000 2.000
3.000 2.000 3.000
2.000 1.000 1.000
2.000 1.000 1.000
1.000 1.000 2.000
2.000 1.000 2.000
2.000 2.000 3.000
1.000 1.000 1.000
1.000 1.000 2.000
2.000 1.000 1.000
2.000 1.000 2.000
1.000 1.000 2.000
1.000 2.000 1.000
2.000 2.000 2.000
1.000 2.000 2.000
3.000 1.000 1.000
2.000 1.000 2.000
2.000 3.000 1.000
2.000 1.000 2.000
1.000 2.000 2.000
2.000 1.000 1.000
2.000 2.000 2.000
1.000 1.000 1.000
1.000 1.000 2.000
2.000 2.000 1.000
2.000 1.000 1.000
2.000 2.000 1.000
1.000 1.000 1.000
2.000 1.000 1.000
1.000 1.000 2.000
3.000 3.000 1.000
1.000 2.000 1.000
4.000 4.000 2.000
3.000 3.000 2.000
1.000 2.000 1.000
2.000 2.000 2.000
5.000 9.000 17.000
1.000 3.000 3.000
16.000 4.000 3.000
2.000 2.000 4.000
4.000 3.000 4.000
5.000 1.000 1.000
4.000 4.000 9.000
2.000 3.000 1.000
1.000 5.000 1.000
1.000 1.000 1.000
1.000 1.000 3.000
5.000 6.000 5.000
1.000 7.000 10.000
4.000 1.000 5.000
11.000 10.000 10.000
4.000 10.000 1.000
2.000 2.000 2.000
4.000 2.000 3.000
1.000 4.000 1.000
4.000 3.000 4.000
2.000 2.000 2.000
4.000 4.000 4.000
3.000 3.000 2.000
2.000 1.000 1.000
4.000 1.000 4.000
1.000 1.000 2.000
1.000 1.000 2.000
2.000 2.000 2.000
1.000 1.000 2.000
2.000 1.000 1.000
2.000 1.000 2.000
1.000 2.000 4.000
1.000 1.000 1.000
2.000 2.000 1.000
2.000 1.000 1.000
2.000 1.000 1.000
3.000 2.000 2.000
1.000 2.000 1.000
2.000 1.000 1.000
1.000 1.000 1.000
2.000 2.000 2.000
2.000 1.000 2.000
2.000 2.000 2.000
2.000 1.000 2.000
1.000 2.000 2.000
4.000 5.000 4.000
2.000 2.000 1.000
2.000 1.000 2.000
2.000 1.000 2.000
1.000 1.000 1.000
2.000 1.000 1.000
1.000 1.000 2.000
2.000 2.000 1.000
1.000 2.000 1.000
2.000 2.000 1.000
1.000 3.000 1.000
1.000 2.000 1.000
2.000 1.000 2.000
1.000 2.000 2.000
1.000 2.000 1.000
1.000 1.000 2.000
2.000 1.000 1.000
1.000 3.000 3.000
2.000 2.000 1.000
1.000 2.000 2.000
1.000 2.000 2.000
2.000 1.000 3.000
2.000 1.000 2.000
2.000 1.000 3.000
1.000 2.000 2.000
1.000 2.000 1.000
1.000 2.000 2.000
1.000 1.000 1.000
1.000 2.000 2.000
1.000 2.000 1.000
1.000 2.000 2.000
1.000 1.000 1.000
2.000 2.000 1.000
2.000 1.000 2.000
2.000 1.000 2.000
1.000 1.000 1.000
2.000 2.000 2.000
2.000 1.000 1.000
2.000 2.000 2.000
1.000 2.000 2.000
2.000 2.000 2.000
2.000 1.000 2.000
1.000 1.000 2.000
2.000 1.000 1.000
1.000 2.000 1.000
2.000 2.000 2.000
1.000 2.000 2.000
3.000 1.000 2.000
4.000 5.000 5.000
1.000 5.000 4.000
2.000 2.000 1.000
1.000 2.000 1.000
2.000 1.000 2.000
1.000 1.000 1.000
1.000 1.000 2.000
1.000 2.000 2.000
2.000 2.000 2.000
2.000 1.000 1.000
2.000 2.000 2.000
1.000 2.000 1.000
2.000 1.000 2.000
2.000 2.000 1.000
1.000 2.000 1.000
2.000 2.000 2.000
2.000 1.000 1.000
1.000 1.000 2.000
2.000 1.000 1.000
1.000 2.000 1.000
2.000 1.000 1.000
1.000 2.000 2.000
2.000 1.000 1.000
2.000 1.000 2.000
1.000 2.000 1.000
1.000 1.000 1.000
2.000 2.000 1.000
2.000 2.000 1.000
1.000 2.000 1.000
3.000 1.000 2.000
1.000 2.000 2.000
1.000 4.000 3.000
2.000 2.000 2.000
2.000 2.000 1.000
1.000 1.000 1.000
3.000 3.000 5.000
2.000 1.000 1.000
3.000 1.000 1.000
3.000 1.000 3.000
9.000 19.000 6.000
9.000 3.000 2.000
2.000 3.000 3.000
5.000 5.000 2.000
1.000 2.000 1.000
1.000 4.000 4.000
4.000 3.000 1.000
1.000 2.000 1.000
1.000 5.000 5.000
4.000 2.000 2.000
2.000 2.000 2.000
3.000 2.000 2.000
1.000 1.000 2.000
1.000 4.000 3.000
2.000 1.000 2.000
3.000 2.000 2.000
4.000 3.000 1.000
2.000 1.000 2.000
1.000 1.000 1.000
2.000 2.000 2.000
1.000 2.000 1.000
1.000 1.000 2.000
4.000 3.000 2.000
1.000 2.000 1.000
3.000 2.000 2.000
2.000 1.000 2.000
13.000 12.000 11.000
2.000 3.000 6.000
24.000 2.000 19.000
4.000 3.000 3.000
1.000 2.000 1.000
2.000 1.000 2.000
2.000 2.000 2.000
1.000 1.000 1.000
2.000 2.000 2.000
11.000 2.000 4.000
3.000 3.000 3.000
1.000 3.000 3.000
3.000 3.000 1.000
1.000 2.000 1.000
3.000 1.000 2.000
2.000 2.000 2.000
1.000 2.000 2.000
1.000 2.000 2.000
2.000 2.000 1.000
1.000 1.000 2.000
2.000 1.000 1.000
3.000 1.000 3.000
2.000 1.000 2.000
2.000 3.000 1.000
2.000 2.000 2.000
1.000 2.000 2.000
2.000 5.000 2.000
2.000 2.000 5.000
10.000 10.000 12.000
2.000 3.000 3.000
3.000 1.000 4.000
3.000 3.000 3.000
1.000 1.000 1.000
3.000 2.000 1.000
2.000 1.000 1.000
1.000 2.000 1.000
2.000 1.000 1.000
2.000 2.000 2.000
1.000 1.000 2.000
1.000 2.000 1.000
6.000 6.000 8.000
1.000 2.000 1.000
2.000 2.000 2.000
2.000 1.000 1.000
2.000 2.000 1.000
2.000 1.000 2.000
1.000 1.000 2.000
2.000 2.000 1.000
2.000 2.000 1.000
2.000 2.000 1.000
1.000 1.000 1.000
2.000 1.000 1.000
2.000 2.000 2.000
1.000 2.000 1.000
3.000 1.000 1.000
2.000 1.000 2.000
2.000 1.000 1.000
2.000 2.000 1.000
1.000 2.000 1.000
1.000 2.000 3.000
1.000 2.000 2.000
2.000 2.000 2.000
2.000 2.000 1.000
2.000 2.000 1.000
1.000 2.000 1.000
2.000 1.000 2.000
1.000 2.000 1.000
1.000 1.000 2.000
2.000 2.000 1.000
2.000 1.000 1.000
2.000 3.000 2.000
2.000 2.000 1.000
2.000 1.000 2.000
2.000 1.000 2.000
2.000 1.000 2.000
1.000 2.000 1.000
2.000 2.000 1.000
2.000 1.000 2.000
2.000 2.000 1.000
1.000 1.000 1.000
1.000 2.000 2.000
1.000 1.000 2.000
1.000 2.000 2.000
1.000 2.000 2.000
1.000 2.000 2.000
3.000 2.000 1.000
2.000 2.000 2.000
2.000 2.000 1.000
2.000 3.000 1.000
1.000 1.000 2.000
1.000 1.000 1.000
9.000 3.000 9.000
3.000 2.000 5.000
1.000 3.000 1.000
6.000 1.000 5.000
3.000 4.000 3.000
3.000 3.000 1.000
1.000 2.000 1.000
1.000 2.000 2.000
2.000 3.000 3.000
10.000 8.000 4.000
3.000 4.000 6.000
16.000 14.000 12.000
7.000 8.000 3.000
7.000 13.000 14.000
1.000 1.000 3.000
1.000 1.000 1.000
3.000 1.000 3.000
3.000 4.000 3.000
2.000 2.000 3.000
1.000 1.000 1.000
1.000 1.000 2.000
19.000 21.000 3.000
2.000 2.000 4.000
1.000 2.000 1.000
2.000 4.000 3.000
1.000 1.000 2.000
2.000 2.000 1.000
1.000 2.000 2.000
2.000 1.000 2.000
2.000 3.000 2.000
2.000 2.000 1.000
1.000 3.000 2.000
3.000 2.000 1.000
1.000 2.000 1.000
2.000 2.000 5.000
4.000 2.000 4.000
3.000 1.000 5.000
3.000 2.000 3.000
3.000 2.000 3.000
2.000 1.000 1.000
1.000 1.000 1.000
1.000 2.000 2.000
2.000 1.000 1.000
6.000 2.000 2.000
1.000 1.000 2.000
2.000 2.000 2.000
1.000 2.000 1.000
2.000 1.000 1.000
4.000 4.000 2.000
3.000 3.000 2.000
2.000 1.000 2.000
1.000 1.000 2.000
1.000 1.000 1.000
2.000 1.000 1.000
1.000 2.000 2.000
2.000 1.000 1.000
3.000 5.000 3.000
2.000 1.000 2.000
4.000 3.000 1.000
1.000 2.000 1.000
1.000 2.000 2.000
2.000 1.000 1.000
1.000 3.000 5.000
2.000 3.000 2.000
1.000 2.000 1.000
2.000 2.000 1.000
2.000 1.000 1.000
1.000 2.000 2.000
2.000 2.000 2.000
12.000 12.000 1.000
2.000 1.000 2.000
1.000 2.000 2.000
2.000 1.000 1.000
3.000 4.000 1.000
2.000 1.000 2.000
1.000 2.000 2.000
2.000 2.000 2.000
1.000 2.000 2.000
1.000 1.000 1.000
3.000 3.000 4.000
1.000 1.000 2.000
2.000 2.000 1.000
2.000 3.000 3.000
5.000 3.000 4.000
2.000 1.000 1.000
1.000 2.000 1.000
1.000 3.000 3.000
1.000 1.000 1.000
3.000 1.000 3.000
1.000 2.000 2.000
2.000 2.000 1.000
2.000 2.000 1.000
3.000 1.000 1.000
4.000 5.000 4.000
1.000 1.000 3.000
2.000 2.000 1.000
2.000 1.000 2.000
2.000 1.000 1.000
1.000 1.000 2.000
1.000 1.000 1.000
4.000 2.000 1.000
3.000 2.000 2.000
2.000 1.000 2.000
2.000 2.000 2.000
3.000 1.000 3.000
2.000 2.000 2.000
2.000 2.000 1.000
1.000 1.000 1.000
2.000 5.000 2.000
2.000 6.000 5.000
3.000 2.000 3.000
4.000 1.000 4.000
3.000 1.000 3.000
2.000 1.000 2.000
1.000 4.000 1.000
2.000 1.000 1.000
1.000 4.000 5.000
4.000 1.000 2.000
1.000 2.000 1.000
2.000 2.000 2.000
1.000 1.000 1.000
4.000 4.000 1.000
1.000 2.000 2.000
1.000 1.000 1.000
3.000 1.000 3.000
1.000 1.000 2.000
2.000 2.000 2.000
2.000 2.000 2.000
1.000 2.000 4.000
16.000 1.000 7.000
1.000 1.000 1.000
1.000 1.000 2.000
2.000 2.000 2.000
12.000 7.000 13.000
2.000 2.000 2.000
5.000 6.000 10.000
2.000 1.000 1.000
4.000 5.000 6.000
7.000 10.000 4.000
3.000 3.000 3.000
8.000 13.000 9.000
4.000 1.000 1.000
1.000 1.000 1.000
1.000 2.000 1.000
1.000 2.000 2.000
2.000 2.000 2.000
1.000 2.000 2.000
3.000 2.000 2.000
3.000 2.000 1.000
3.000 1.000 1.000
3.000 2.000 3.000
6.000 7.000 2.000
8.000 3.000 5.000
2.000 4.000 4.000
2.000 1.000 2.000
3.000 5.000 7.000
2.000 1.000 2.000
10.000 3.000 1.000
1.000 2.000 1.000
2.000 2.000 1.000
1.000 1.000 1.000
1.000 1.000 2.000
2.000 5.000 2.000
1.000 2.000 2.000
2.000 2.000 2.000
1.000 1.000 1.000
1.000 1.000 2.000
1.000 1.000 2.000
2.000 1.000 1.000
3.000 2.000 3.000
1.000 2.000 1.000
1.000 1.000 2.000
2.000 2.000 2.000
2.000 2.000 1.000
2.000 2.000 2.000
1.000 3.000 1.000
2.000 1.000 2.000
2.000 2.000 1.000
2.000 2.000 2.000
2.000 1.000 2.000
1.000 2.000 2.000
1.000 2.000 2.000
1.000 2.000 1.000
1.000 1.000 1.000
1.000 1.000 1.000
2.000 1.000 2.000
1.000 1.000 1.000
2.000 2.000 3.000
1.000 2.000 1.000
2.000 2.000 2.000
4.000 5.000 2.000
3.000 1.000 2.000
7.000 1.000 1.000
1.000 1.000 3.000
2.000 2.000 1.000
2.000 1.000 1.000
1.000 4.000 1.000
1.000 1.000 1.000
2.000 1.000 2.000
1.000 1.000 1.000
2.000 1.000 1.000
2.000 1.000 1.000
2.000 1.000 1.000
2.000 1.000 2.000
2.000 1.000 2.000
2.000 2.000 1.000
2.000 1.000 1.000
2.000 2.000 1.000
2.000 2.000 2.000
1.000 1.000 2.000
2.000 2.000 2.000
1.000 1.000 1.000
1.000 2.000 1.000
2.000 2.000 1.000
2.000 1.000 2.000
1.000 2.000 1.000
2.000 1.000 1.000
1.000 1.000 2.000
1.000 1.000 2.000
2.000 2.000 1.000
2.000 1.000 2.000
2.000 1.000 2.000
2.000 2.000 1.000
2.000 2.000 2.000
2.000 2.000 1.000
1.000 2.000 2.000
5.000 4.000 1.000
2.000 1.000 1.000
1.000 2.000 2.000
2.000 3.000 2.000
3.000 2.000 4.000
4.000 7.000 4.000
1.000 3.000 2.000
1.000 2.000 1.000
3.000 3.000 1.000
4.000 3.000 4.000
5.000 2.000 2.000
1.000 5.000 6.000
1.000 2.000 1.000
1.000 2.000 1.000
2.000 2.000 2.000
2.000 2.000 1.000
2.000 1.000 2.000
2.000 2.000 1.000
1.000 1.000 1.000
2.000 4.000 1.000
1.000 1.000 2.000
2.000 1.000 2.000
2.000 1.000 3.000
1.000 1.000 5.000
2.000 2.000 2.000
2.000 2.000 1.000
2.000 1.000 1.000
3.000 1.000 2.000
3.000 3.000 1.000
4.000 2.000 2.000
2.000 2.000 6.000
3.000 1.000 3.000
2.000 2.000 1.000
1.000 6.000 3.000
1.000 2.000 2.000
2.000 2.000 1.000
5.000 3.000 2.000
4.000 14.000 5.000
2.000 2.000 2.000
3.000 1.000 4.000
2.000 1.000 2.000
1.000 2.000 1.000
2.000 1.000 1.000
3.000 2.000 1.000
1.000 1.000 3.000
2.000 1.000 2.000
4.000 3.000 2.000
3.000 1.000 3.000
2.000 2.000 3.000
2.000 2.000 1.000
2.000 2.000 2.000
2.000 2.000 1.000
2.000 2.000 2.000
2.000 2.000 2.000
5.000 4.000 6.000
1.000 1.000 1.000
1.000 1.000 1.000
8.000 2.000 3.000
2.000 2.000 2.000
2.000 1.000 1.000
1.000 1.000 2.000
2.000 1.000 1.000
2.000 1.000 1.000
3.000 1.000 3.000
1.000 1.000 2.000
1.000 1.000 2.000
1.000 1.000 2.000
2.000 2.000 1.000
1.000 2.000 1.000
1.000 2.000 2.000
9.000 10.000 9.000
1.000 1.000 1.000
2.000 4.000 2.000
2.000 2.000 1.000
3.000 3.000 1.000
1.000 2.000 1.000
2.000 2.000 2.000
1.000 2.000 2.000
3.000 3.000 3.000
2.000 2.000 1.000
1.000 2.000 1.000
1.000 2.000 1.000
2.000 1.000 3.000
1.000 2.000 1.000
1.000 2.000 2.000
1.000 2.000 1.000
1.000 2.000 2.000
1.000 2.000 2.000
1.000 1.000 2.000
2.000 2.000 2.000
2.000 1.000 2.000
1.000 1.000 2.000
4.000 2.000 4.000
1.000 2.000 2.000
2.000 2.000 2.000
2.000 3.000 1.000
2.000 2.000 2.000
2.000 2.000 2.000
1.000 2.000 1.000
2.000 3.000 3.000
1.000 1.000 2.000
2.000 2.000 2.000
1.000 2.000 2.000
2.000 1.000 2.000
4.000 1.000 4.000
1.000 2.000 1.000
2.000 2.000 2.000
1.000 2.000 2.000
1.000 1.000 2.000
1.000 1.000 1.000
4.000 4.000 3.000
1.000 2.000 2.000
1.000 1.000 2.000
2.000 2.000 2.000
2.000 2.000 2.000
2.000 1.000 2.000
1.000 2.000 2.000
1.000 1.000 2.000
1.000 1.000 1.000
2.000 1.000 2.000
1.000 1.000 2.000
2.000 1.000 1.000
1.000 1.000 1.000
1.000 1.000 2.000
1.000 1.000 1.000
2.000 3.000 2.000
2.000 2.000 1.000
1.000 1.000 2.000
2.000 2.000 1.000
2.000 1.000 2.000
2.000 2.000 2.000
2.000 2.000 2.000
3.000 2.000 1.000
2.000 1.000 2.000
2.000 1.000 1.000
2.000 2.000 2.000
2.000 1.000 2.000
1.000 1.000 2.000
1.000 2.000 1.000
1.000 2.000 1.000
3.000 1.000 3.000
1.000 2.000 1.000
2.000 1.000 1.000
1.000 1.000 1.000
1.000 2.000 1.000
2.000 2.000 2.000
1.000 4.000 1.000
2.000 1.000 2.000
2.000 1.000 1.000
1.000 1.000 2.000
1.000 2.000 2.000
1.000 2.000 2.000
2.000 1.000 2.000
2.000 1.000 2.000
1.000 1.000 1.000
2.000 2.000 1.000
3.000 2.000 2.000
1.000 1.000 1.000
2.000 1.000 1.000
1.000 1.000 1.000
1.000 1.000 1.000
2.000 2.000 2.000
1.000 1.000 1.000
1.000 2.000 1.000
1.000 2.000 2.000
2.000 1.000 2.000
1.000 2.000 1.000
2.000 1.000 2.000
2.000 2.000 1.000
3.000 2.000 3.000
2.000 4.000 3.000
3.000 2.000 2.000
1.000 2.000 2.000
2.000 1.000 1.000
1.000 1.000 2.000
1.000 1.000 1.000
2.000 2.000 2.000
2.000 2.000 1.000
2.000 2.000 2.000
2.000 1.000 1.000
2.000 2.000 2.000
2.000 1.000 1.000
2.000 3.000 1.000
1.000 1.000 2.000
2.000 1.000 2.000
1.000 2.000 2.000
2.000 2.000 2.000
2.000 2.000 2.000
1.000 2.000 2.000
1.000 1.000 2.000
1.000 2.000 1.000
2.000 1.000 1.000
2.000 1.000 2.000
1.000 2.000 2.000
1.000 2.000 2.000
2.000 1.000 1.000
2.000 2.000 2.000
1.000 2.000 2.000
2.000 2.000 2.000
2.000 1.000 3.000
2.000 1.000 2.000
2.000 1.000 3.000
2.000 1.000 1.000
1.000 2.000 1.000
3.000 1.000 2.000
2.000 2.000 2.000
2.000 1.000 2.000
3.000 1.000 3.000
2.000 2.000 1.000
2.000 2.000 1.000
2.000 1.000 1.000
1.000 1.000 2.000
1.000 1.000 2.000
1.000 1.000 2.000
1.000 1.000 2.000
2.000 2.000 1.000
1.000 1.000 2.000
2.000 2.000 1.000
2.000 2.000 2.000
2.000 2.000 2.000
1.000 2.000 1.000
2.000 1.000 2.000
2.000 1.000 2.000
2.000 1.000 2.000
2.000 2.000 2.000
2.000 2.000 2.000
1.000 1.000 1.000
2.000 2.000 2.000
2.000 1.000 1.000
2.000 2.000 2.000
2.000 2.000 1.000
3.000 2.000 2.000
2.000 2.000 2.000
1.000 2.000 1.000
3.000 2.000 1.000
1.000 1.000 2.000
2.000 2.000 1.000
3.000 3.000 1.000
1.000 2.000 1.000
2.000 1.000 3.000
1.000 3.000 1.000
2.000 3.000 3.000
3.000 2.000 3.000
2.000 2.000 2.000
1.000 1.000 2.000
1.000 2.000 2.000
6.000 2.000 4.000
4.000 5.000 2.000
2.000 2.000 1.000
1.000 1.000 2.000
1.000 2.000 2.000
2.000 1.000 1.000
2.000 3.000 3.000
1.000 2.000 1.000
1.000 2.000 2.000
2.000 1.000 1.000
1.000 1.000 2.000
1.000 2.000 1.000
2.000 2.000 2.000
1.000 1.000 3.000
1.000 2.000 2.000
1.000 1.000 2.000
2.000 2.000 1.000
2.000 1.000 2.000
3.000 1.000 1.000
2.000 1.000 1.000
1.000 1.000 1.000
3.000 3.000 3.000
2.000 2.000 1.000
3.000 1.000 1.000
1.000 2.000 2.000
2.000 1.000 1.000
2.000 3.000 3.000
2.000 1.000 1.000
2.000 1.000 1.000
2.000 1.000 2.000
2.000 3.000 1.000
2.000 1.000 2.000
2.000 2.000 1.000
2.000 2.000 1.000
2.000 2.000 1.000
4.000 3.000 4.000
3.000 1.000 2.000
1.000 1.000 2.000
2.000 4.000 2.000
2.000 2.000 1.000
4.000 4.000 1.000
1.000 2.000 2.000
1.000 2.000 1.000
2.000 3.000 1.000
2.000 1.000 1.000
2.000 1.000 1.000
2.000 1.000 1.000
1.000 2.000 1.000
2.000 1.000 1.000
2.000 2.000 3.000
1.000 1.000 1.000
1.000 2.000 1.000
2.000 1.000 2.000
1.000 1.000 1.000
2.000 1.000 2.000
3.000 3.000 3.000
2.000 1.000 2.000
3.000 1.000 2.000
2.000 2.000 1.000
3.000 3.000 4.000
1.000 1.000 2.000
2.000 2.000 1.000
2.000 2.000 1.000
1.000 1.000 1.000
1.000 1.000 2.000
2.000 2.000 1.000
1.000 2.000 1.000
1.000 1.000 1.000
1.000 1.000 1.000
2.000 2.000 1.000
1.000 2.000 2.000
2.000 2.000 1.000
2.000 2.000 1.000
3.000 2.000 2.000
2.000 2.000 1.000
3.000 2.000 1.000
2.000 2.000 1.000
1.000 1.000 1.000
2.000 2.000 1.000
2.000 1.000 3.000
1.000 3.000 3.000
2.000 1.000 2.000
1.000 2.000 1.000
1.000 2.000 2.000
2.000 2.000 3.000
1.000 2.000 1.000
1.000 2.000 1.000
2.000 2.000 2.000
2.000 1.000 1.000
3.000 2.000 1.000
2.000 2.000 1.000
1.000 1.000 2.000
1.000 1.000 1.000
2.000 2.000 2.000
2.000 2.000 2.000
1.000 1.000 1.000
2.000 1.000 2.000
2.000 2.000 2.000
2.000 1.000 1.000
2.000 2.000 1.000
3.000 1.000 2.000
3.000 2.000 2.000
1.000 2.000 2.000
2.000 1.000 1.000
3.000 2.000 3.000
1.000 2.000 2.000
2.000 2.000 1.000
2.000 1.000 1.000
2.000 2.000 1.000
1.000 2.000 1.000
1.000 2.000 1.000
2.000 1.000 2.000
1.000 2.000 2.000
2.000 2.000 1.000
2.000 1.000 1.000
1.000 2.000 1.000
2.000 1.000 1.000
1.000 2.000 2.000
4.000 2.000 1.000
1.000 1.000 1.000
1.000 3.000 1.000
1.000 2.000 2.000
1.000 2.000 2.000
1.000 1.000 1.000
2.000 1.000 1.000
2.000 1.000 2.000
1.000 2.000 1.000
2.000 2.000 2.000
1.000 1.000 2.000
1.000 1.000 1.000
5.000 1.000 2.000
1.000 2.000 2.000
2.000 2.000 1.000
2.000 1.000 1.000
1.000 1.000 2.000
2.000 2.000 2.000
1.000 1.000 2.000
2.000 2.000 1.000
3.000 2.000 3.000
2.000 2.000 2.000
1.000 1.000 1.000
3.000 2.000 1.000
1.000 1.000 2.000
2.000 1.000 2.000
2.000 3.000 1.000
1.000 2.000 2.000
1.000 2.000 2.000
1.000 1.000 2.000
1.000 1.000 1.000
3.000 3.000 4.000
2.000 2.000 2.000
1.000 2.000 1.000
2.000 1.000 1.000
1.000 1.000 2.000
2.000 2.000 2.000
3.000 2.000 2.000
2.000 2.000 2.000
1.000 2.000 3.000
2.000 2.000 2.000
1.000 1.000 1.000
1.000 1.000 2.000
1.000 1.000 2.000
1.000 2.000 2.000
3.000 2.000 3.000
3.000 2.000 3.000
1.000 2.000 1.000
1.000 1.000 2.000
1.000 2.000 2.000
3.000 3.000 4.000
2.000 2.000 2.000
2.000 2.000 1.000
2.000 2.000 2.000
2.000 2.000 1.000
1.000 1.000 1.000
3.000 2.000 1.000
2.000 2.000 1.000
1.000 2.000 3.000
1.000 1.000 2.000
2.000 1.000 2.000
1.000 2.000 2.000
1.000 1.000 2.000
1.000 2.000 1.000
1.000 1.000 2.000
2.000 2.000 1.000
3.000 1.000 3.000
1.000 2.000 1.000
2.000 2.000 1.000
2.000 1.000 2.000
2.000 2.000 1.000
1.000 1.000 2.000
2.000 1.000 1.000
2.000 1.000 2.000
2.000 1.000 2.000
2.000 1.000 1.000
1.000 1.000 2.000
2.000 2.000 1.000
1.000 2.000 2.000
1.000 1.000 2.000
2.000 2.000 1.000
2.000 2.000 2.000
1.000 2.000 1.000
1.000 2.000 2.000
1.000 1.000 2.000
2.000 2.000 1.000
1.000 3.000 3.000
1.000 2.000 1.000
2.000 1.000 2.000
1.000 2.000 3.000
2.000 2.000 1.000
2.000 1.000 1.000
2.000 2.000 1.000
1.000 1.000 2.000
2.000 2.000 1.000
2.000 1.000 2.000
2.000 1.000 1.000
1.000 1.000 4.000
2.000 1.000 3.000
1.000 2.000 1.000
2.000 1.000 1.000
2.000 2.000 1.000
1.000 3.000 2.000
1.000 1.000 4.000
1.000 1.000 2.000
2.000 1.000 1.000
1.000 1.000 2.000
1.000 1.000 2.000
3.000 3.000 1.000
2.000 2.000 2.000
2.000 2.000 1.000
3.000 3.000 2.000
2.000 1.000 2.000
2.000 2.000 1.000
1.000 1.000 1.000
1.000 2.000 2.000
1.000 1.000 2.000
3.000 3.000 1.000
3.000 1.000 3.000
2.000 2.000 1.000
1.000 1.000 2.000
1.000 1.000 2.000
1.000 3.000 4.000
1.000 1.000 1.000
2.000 1.000 2.000
1.000 2.000 2.000
2.000 2.000 2.000
2.000 1.000 1.000
2.000 2.000 1.000
2.000 1.000 1.000
1.000 2.000 1.000
1.000 2.000 1.000
2.000 3.000 3.000
1.000 2.000 1.000
1.000 1.000 1.000
2.000 2.000 2.000
1.000 1.000 1.000
1.000 1.000 1.000
3.000 1.000 2.000
1.000 1.000 1.000
1.000 1.000 1.000
2.000 1.000 1.000
2.000 1.000 1.000
2.000 2.000 2.000
2.000 1.000 2.000
2.000 3.000 2.000
1.000 2.000 1.000
1.000 2.000 2.000
1.000 2.000 1.000
4.000 4.000 2.000
2.000 2.000 2.000
1.000 2.000 2.000
1.000 2.000 1.000
2.000 1.000 2.000
2.000 2.000 2.000
1.000 2.000 1.000
2.000 1.000 1.000
2.000 2.000 2.000
2.000 3.000 2.000
1.000 1.000 1.000
2.000 1.000 2.000
2.000 2.000 2.000
1.000 1.000 2.000
1.000 1.000 1.000
2.000 1.000 1.000
2.000 1.000 2.000
1.000 1.000 2.000
1.000 1.000 2.000
2.000 1.000 2.000
1.000 1.000 1.000
1.000 1.000 2.000
2.000 2.000 2.000
2.000 2.000 2.000
2.000 1.000 2.000
2.000 1.000 2.000
1.000 2.000 1.000
2.000 1.000 2.000
2.000 2.000 2.000
1.000 2.000 1.000
1.000 2.000 1.000
1.000 1.000 2.000
2.000 2.000 2.000
1.000 2.000 1.000
2.000 1.000 1.000
1.000 1.000 1.000
2.000 2.000 1.000
2.000 1.000 1.000
2.000 2.000 2.000
2.000 2.000 2.000
3.000 3.000 3.000
1.000 2.000 2.000
2.000 1.000 1.000
1.000 2.000 1.000
1.000 1.000 1.000
1.000 1.000 1.000
1.000 1.000 2.000
2.000 1.000 2.000
2.000 1.000 1.000
1.000 1.000 2.000
2.000 2.000 2.000
2.000 3.000 1.000
1.000 1.000 2.000
2.000 2.000 1.000
1.000 1.000 2.000
2.000 3.000 2.000
3.000 1.000 2.000
3.000 3.000 2.000
1.000 1.000 1.000
1.000 4.000 3.000
1.000 3.000 1.000
2.000 3.000 1.000
1.000 1.000 1.000
1.000 1.000 1.000
2.000 2.000 2.000
1.000 1.000 1.000
2.000 2.000 1.000
5.000 3.000 2.000
3.000 4.000 4.000
2.000 1.000 2.000
1.000 1.000 2.000
2.000 2.000 1.000
1.000 3.000 2.000
1.000 1.000 2.000
3.000 3.000 2.000
5.000 6.000 9.000
3.000 1.000 2.000
3.000 2.000 1.000
1.000 1.000 1.000
2.000 1.000 2.000
2.000 2.000 2.000
1.000 2.000 2.000
1.000 1.000 2.000
3.000 1.000 1.000
1.000 2.000 2.000
2.000 2.000 3.000
2.000 2.000 1.000
1.000 1.000 1.000
2.000 1.000 2.000
2.000 1.000 2.000
2.000 2.000 2.000
1.000 2.000 1.000
4.000 1.000 4.000
1.000 2.000 1.000
2.000 1.000 2.000
1.000 2.000 1.000
4.000 3.000 3.000
3.000 3.000 3.000
4.000 4.000 1.000
4.000 1.000 5.000
3.000 1.000 3.000
2.000 3.000 1.000
3.000 3.000 1.000
2.000 1.000 1.000
3.000 2.000 2.000
1.000 1.000 2.000
2.000 4.000 4.000
3.000 2.000 3.000
2.000 2.000 1.000
4.000 4.000 3.000
2.000 2.000 1.000
1.000 1.000 2.000
2.000 3.000 1.000
3.000 3.000 3.000
2.000 1.000 1.000
3.000 3.000 2.000
3.000 2.000 2.000
2.000 1.000 2.000
2.000 2.000 1.000
1.000 2.000 1.000
1.000 2.000 3.000
1.000 4.000 3.000
1.000 1.000 1.000
2.000 2.000 2.000
1.000 1.000 2.000
2.000 2.000 1.000
1.000 1.000 2.000
1.000 1.000 2.000
4.000 2.000 4.000
1.000 1.000 1.000
2.000 2.000 2.000
4.000 3.000 5.000
2.000 2.000 2.000
2.000 2.000 1.000
1.000 1.000 1.000
2.000 1.000 1.000
2.000 2.000 2.000
1.000 1.000 1.000
1.000 1.000 1.000
2.000 1.000 1.000
2.000 2.000 3.000
3.000 2.000 3.000
1.000 2.000 1.000
1.000 1.000 1.000
1.000 2.000 1.000
1.000 3.000 1.000
2.000 1.000 2.000
1.000 1.000 1.000
3.000 4.000 2.000
1.000 1.000 2.000
2.000 2.000 2.000
2.000 1.000 2.000
2.000 2.000 1.000
2.000 1.000 1.000
2.000 2.000 1.000
2.000 4.000 2.000
2.000 3.000 1.000
1.000 2.000 1.000
2.000 2.000 2.000
1.000 3.000 2.000
1.000 2.000 1.000
2.000 2.000 1.000
1.000 1.000 2.000
1.000 1.000 2.000
2.000 1.000 2.000
1.000 2.000 3.000
3.000 1.000 2.000
1.000 1.000 1.000
1.000 2.000 2.000
1.000 1.000 3.000
3.000 2.000 2.000
1.000 4.000 4.000
1.000 2.000 1.000
2.000 2.000 2.000
1.000 1.000 1.000
2.000 2.000 1.000
3.000 3.000 3.000
3.000 3.000 2.000
3.000 2.000 3.000
1.000 4.000 4.000
2.000 3.000 3.000
2.000 2.000 1.000
2.000 1.000 2.000
2.000 1.000 1.000
2.000 1.000 3.000
2.000 2.000 3.000
2.000 1.000 2.000
1.000 6.000 5.000
1.000 2.000 1.000
1.000 1.000 1.000
2.000 5.000 1.000
2.000 1.000 2.000
11.000 10.000 6.000
1.000 3.000 1.000
2.000 2.000 2.000
2.000 2.000 1.000
2.000 1.000 2.000
1.000 2.000 1.000
3.000 1.000 3.000
3.000 2.000 2.000
2.000 2.000 1.000
2.000 2.000 1.000
1.000 5.000 1.000
1.000 2.000 1.000
2.000 1.000 2.000
1.000 1.000 2.000
1.000 2.000 2.000
2.000 1.000 2.000
1.000 2.000 2.000
3.000 1.000 2.000
1.000 3.000 2.000
2.000 1.000 1.000
1.000 2.000 1.000
1.000 2.000 1.000
1.000 2.000 2.000
1.000 3.000 1.000
2.000 2.000 1.000
2.000 2.000 1.000
2.000 1.000 2.000
1.000 2.000 2.000
1.000 1.000 2.000
2.000 2.000 1.000
2.000 3.000 1.000
2.000 2.000 2.000
2.000 1.000 1.000
1.000 1.000 2.000
1.000 2.000 2.000
2.000 1.000 2.000
2.000 2.000 1.000
1.000 1.000 1.000
2.000 2.000 1.000
2.000 2.000 1.000
1.000 2.000 2.000
2.000 2.000 1.000
1.000 2.000 1.000
1.000 2.000 1.000
1.000 2.000 2.000
1.000 2.000 2.000
2.000 2.000 1.000
2.000 2.000 2.000
1.000 2.000 1.000
2.000 1.000 1.000
1.000 2.000 1.000
2.000 2.000 1.000
1.000 3.000 2.000
2.000 1.000 2.000
2.000 1.000 1.000
3.000 5.000 6.000
1.000 1.000 3.000
1.000 1.000 2.000
3.000 3.000 1.000
1.000 4.000 4.000
2.000 1.000 2.000
1.000 2.000 2.000
3.000 3.000 1.000
1.000 1.000 1.000
1.000 1.000 1.000
2.000 3.000 1.000
2.000 1.000 1.000
2.000 1.000 2.000
1.000 2.000 2.000
1.000 1.000 1.000
2.000 2.000 2.000
1.000 1.000 1.000
1.000 1.000 1.000
1.000 1.000 2.000
2.000 1.000 2.000
1.000 1.000 1.000
4.000 2.000 2.000
1.000 2.000 2.000
1.000 1.000 1.000
2.000 1.000 1.000
1.000 2.000 2.000
2.000 2.000 1.000
2.000 1.000 1.000
7.000 6.000 3.000
3.000 2.000 2.000
2.000 2.000 1.000
2.000 2.000 1.000
2.000 1.000 1.000
1.000 2.000 1.000
2.000 2.000 1.000
1.000 1.000 1.000
2.000 1.000 2.000
1.000 2.000 1.000
1.000 2.000 2.000
2.000 2.000 2.000
3.000 3.000 2.000
1.000 2.000 1.000
1.000 2.000 2.000
1.000 1.000 1.000
2.000 2.000 3.000
4.000 2.000 4.000
2.000 2.000 2.000
2.000 1.000 1.000
1.000 1.000 3.000
2.000 1.000 1.000
2.000 2.000 2.000
1.000 2.000 1.000
2.000 1.000 1.000
2.000 1.000 1.000
2.000 2.000 2.000
2.000 6.000 3.000
2.000 1.000 1.000
7.000 5.000 6.000
1.000 2.000 2.000
1.000 2.000 2.000
2.000 1.000 2.000
1.000 2.000 2.000
1.000 3.000 1.000
3.000 3.000 3.000
2.000 2.000 2.000
2.000 1.000 2.000
1.000 2.000 1.000
1.000 1.000 1.000
1.000 2.000 1.000
2.000 1.000 1.000
2.000 1.000 1.000
2.000 1.000 1.000
2.000 1.000 2.000
3.000 2.000 1.000
2.000 1.000 1.000
2.000 1.000 2.000
1.000 2.000 2.000
2.000 2.000 1.000
1.000 2.000 2.000
2.000 2.000 3.000
1.000 2.000 2.000
2.000 1.000 2.000
2.000 2.000 2.000
2.000 2.000 1.000
2.000 2.000 2.000
1.000 2.000 2.000
2.000 1.000 2.000
2.000 1.000 1.000
1.000 2.000 2.000
1.000 2.000 2.000
1.000 1.000 2.000
1.000 1.000 1.000
2.000 1.000 1.000
2.000 2.000 2.000
3.000 1.000 3.000
1.000 1.000 1.000
1.000 1.000 1.000
2.000 2.000 1.000
1.000 3.000 2.000
2.000 2.000 1.000
1.000 2.000 2.000
2.000 1.000 1.000
1.000 2.000 1.000
2.000 2.000 3.000
2.000 2.000 2.000
2.000 2.000 2.000
2.000 2.000 1.000
2.000 1.000 2.000
1.000 2.000 2.000
1.000 3.000 1.000
2.000 2.000 1.000
2.000 1.000 1.000
1.000 1.000 2.000
3.000 3.000 1.000
1.000 2.000 2.000
2.000 1.000 2.000
2.000 1.000 1.000
2.000 2.000 2.000
2.000 3.000 2.000
1.000 1.000 2.000
4.000 3.000 2.000
1.000 2.000 3.000
2.000 1.000 2.000
2.000 1.000 2.000
1.000 2.000 1.000
1.000 1.000 2.000
2.000 2.000 1.000
2.000 6.000 1.000
1.000 1.000 3.000
2.000 2.000 2.000
2.000 1.000 1.000
3.000 2.000 4.000
2.000 1.000 2.000
5.000 2.000 4.000
2.000 1.000 1.000
2.000 1.000 2.000
3.000 2.000 3.000
2.000 2.000 2.000
2.000 1.000 2.000
1.000 2.000 1.000
1.000 2.000 2.000
2.000 1.000 1.000
2.000 2.000 2.000
1.000 2.000 1.000
1.000 2.000 1.000
1.000 1.000 2.000
2.000 1.000 2.000
2.000 1.000 2.000
1.000 1.000 1.000
1.000 2.000 1.000
1.000 2.000 1.000
2.000 1.000 4.000
2.000 1.000 2.000
2.000 2.000 1.000
1.000 1.000 2.000
1.000 1.000 1.000
1.000 1.000 1.000
2.000 1.000 2.000
1.000 1.000 2.000
1.000 2.000 1.000
2.000 2.000 1.000
2.000 1.000 2.000
2.000 2.000 1.000
1.000 2.000 1.000
1.000 2.000 1.000
3.000 3.000 5.000
1.000 2.000 1.000
3.000 2.000 3.000
2.000 1.000 2.000
2.000 1.000 2.000
1.000 1.000 2.000
2.000 2.000 2.000
1.000 1.000 1.000
2.000 2.000 2.000
1.000 1.000 1.000
1.000 1.000 2.000
2.000 3.000 1.000
3.000 1.000 3.000
2.000 1.000 1.000
1.000 2.000 2.000
2.000 1.000 2.000
1.000 1.000 2.000
3.000 1.000 1.000
3.000 3.000 2.000
2.000 2.000 2.000
2.000 2.000 2.000
2.000 3.000 2.000
1.000 1.000 1.000
1.000 1.000 1.000
1.000 2.000 2.000
2.000 1.000 1.000
3.000 3.000 3.000
1.000 1.000 2.000
1.000 1.000 1.000
1.000 1.000 2.000
2.000 1.000 1.000
2.000 2.000 1.000
1.000 2.000 2.000
1.000 1.000 2.000
2.000 2.000 2.000
2.000 1.000 1.000
1.000 1.000 2.000
2.000 2.000 2.000
1.000 1.000 1.000
1.000 1.000 1.000
2.000 1.000 2.000
2.000 2.000 2.000
2.000 3.000 3.000
1.000 1.000 1.000
6.000 6.000 4.000
1.000 2.000 2.000
1.000 1.000 1.000
2.000 1.000 2.000
2.000 2.000 1.000
1.000 2.000 1.000
1.000 2.000 1.000
1.000 1.000 2.000
2.000 2.000 1.000
3.000 1.000 1.000
1.000 2.000 2.000
1.000 2.000 2.000
1.000 2.000 2.000
1.000 2.000 2.000
2.000 3.000 3.000
2.000 1.000 2.000
1.000 1.000 1.000
3.000 2.000 2.000
3.000 1.000 2.000
3.000 1.000 1.000
2.000 1.000 1.000
1.000 3.000 2.000
2.000 1.000 1.000
2.000 1.000 1.000
2.000 3.000 3.000
1.000 1.000 2.000
2.000 2.000 2.000
1.000 2.000 2.000
1.000 2.000 2.000
1.000 2.000 1.000
3.000 3.000 2.000
2.000 2.000 1.000
3.000 4.000 4.000
2.000 2.000 2.000
1.000 1.000 1.000
1.000 2.000 2.000
1.000 2.000 2.000
1.000 2.000 1.000
1.000 1.000 2.000
2.000 1.000 2.000
1.000 1.000 1.000
1.000 2.000 1.000
1.000 1.000 2.000
4.000 4.000 5.000
1.000 1.000 2.000
3.000 3.000 1.000
2.000 2.000 1.000
2.000 2.000 2.000
3.000 4.000 2.000
1.000 2.000 2.000
2.000 3.000 2.000
1.000 1.000 2.000
1.000 3.000 2.000
1.000 2.000 1.000
2.000 2.000 2.000
1.000 1.000 2.000
2.000 2.000 1.000
2.000 1.000 2.000
1.000 2.000 1.000
2.000 2.000 1.000
1.000 2.000 2.000
2.000 1.000 2.000
2.000 1.000 2.000
1.000 2.000 2.000
2.000 1.000 2.000
2.000 2.000 2.000
1.000 2.000 1.000
1.000 2.000 1.000
4.000 3.000 2.000
1.000 2.000 2.000
2.000 2.000 2.000
1.000 1.000 1.000
1.000 2.000 1.000
1.000 2.000 2.000
1.000 2.000 2.000
2.000 1.000 1.000
2.000 2.000 2.000
1.000 1.000 2.000
5.000 1.000 5.000
2.000 2.000 2.000
2.000 2.000 2.000
2.000 2.000 1.000
1.000 2.000 2.000
2.000 1.000 1.000
3.000 4.000 2.000
5.000 6.000 6.000
1.000 2.000 1.000
2.000 1.000 2.000
2.000 1.000 2.000
1.000 1.000 2.000
1.000 1.000 1.000
2.000 1.000 1.000
2.000 1.000 2.000
1.000 3.000 2.000
1.000 1.000 2.000
2.000 2.000 2.000
3.000 2.000 2.000
2.000 1.000 1.000
2.000 1.000 1.000
2.000 1.000 2.000
2.000 2.000 3.000
1.000 1.000 2.000
1.000 1.000 2.000
2.000 2.000 2.000
1.000 2.000 2.000
2.000 1.000 1.000
1.000 1.000 1.000
1.000 1.000 2.000
2.000 1.000 1.000
1.000 2.000 1.000
2.000 1.000 1.000
1.000 2.000 2.000
2.000 2.000 2.000
2.000 1.000 2.000
1.000 2.000 2.000
1.000 2.000 2.000
1.000 1.000 1.000
1.000 1.000 2.000
2.000 2.000 1.000
1.000 1.000 2.000
6.000 1.000 1.000
3.000 3.000 1.000
1.000 1.000 1.000
1.000 2.000 2.000
2.000 1.000 1.000
2.000 1.000 2.000
1.000 1.000 2.000
1.000 2.000 2.000
2.000 2.000 2.000
3.000 3.000 2.000
1.000 1.000 2.000
1.000 2.000 2.000
2.000 1.000 2.000
1.000 1.000 1.000
3.000 2.000 3.000
2.000 2.000 2.000
1.000 1.000 2.000
2.000 1.000 2.000
1.000 1.000 2.000
1.000 1.000 1.000
2.000 2.000 2.000
1.000 3.000 2.000
2.000 1.000 2.000
2.000 1.000 1.000
2.000 1.000 2.000
2.000 2.000 1.000
2.000 2.000 1.000
2.000 1.000 2.000
1.000 1.000 2.000
1.000 1.000 1.000
1.000 2.000 1.000
2.000 1.000 2.000
1.000 2.000 2.000
2.000 2.000 2.000
2.000 1.000 2.000
2.000 1.000 1.000
2.000 2.000 2.000
2.000 1.000 1.000
1.000 1.000 1.000
1.000 1.000 2.000
1.000 1.000 2.000
1.000 2.000 2.000
3.000 3.000 3.000
2.000 2.000 1.000
2.000 2.000 2.000
2.000 2.000 2.000
1.000 1.000 1.000
1.000 1.000 2.000
2.000 2.000 1.000
1.000 1.000 2.000
1.000 1.000 4.000
3.000 2.000 1.000
1.000 4.000 4.000
1.000 1.000 2.000
3.000 1.000 2.000
1.000 1.000 2.000
1.000 2.000 1.000
1.000 1.000 2.000
2.000 1.000 2.000
1.000 2.000 2.000
2.000 1.000 2.000
1.000 1.000 3.000
3.000 2.000 3.000
1.000 2.000 2.000
2.000 2.000 2.000
1.000 2.000 2.000
2.000 2.000 2.000
2.000 2.000 1.000
2.000 1.000 1.000
2.000 1.000 1.000
1.000 1.000 1.000
1.000 1.000 1.000
2.000 1.000 1.000
1.000 1.000 1.000
2.000 1.000 2.000
2.000 2.000 2.000
2.000 2.000 1.000
3.000 4.000 2.000
3.000 1.000 2.000
1.000 2.000 2.000
2.000 1.000 1.000
1.000 1.000 1.000
3.000 3.000 1.000
1.000 1.000 2.000
2.000 1.000 2.000
1.000 1.000 1.000
2.000 2.000 2.000
2.000 2.000 2.000
2.000 1.000 1.000
3.000 1.000 3.000
1.000 1.000 2.000
1.000 2.000 1.000
2.000 1.000 2.000
2.000 1.000 2.000
1.000 2.000 2.000
1.000 2.000 2.000
1.000 2.000 2.000
2.000 1.000 2.000
1.000 2.000 1.000
2.000 1.000 1.000
1.000 2.000 1.000
1.000 1.000 2.000
1.000 2.000 2.000
1.000 1.000 1.000
2.000 2.000 2.000
2.000 2.000 1.000
2.000 2.000 1.000
1.000 1.000 2.000
2.000 2.000 2.000
2.000 2.000 2.000
2.000 2.000 2.000
2.000 2.000 1.000
1.000 1.000 1.000
1.000 2.000 2.000
2.000 2.000 2.000
1.000 2.000 1.000
1.000 2.000 1.000
2.000 1.000 2.000
2.000 1.000 2.000
1.000 1.000 1.000
2.000 1.000 2.000
2.000 1.000 1.000
2.000 1.000 2.000
1.000 1.000 2.000
1.000 3.000 1.000
1.000 1.000 1.000
2.000 1.000 1.000
1.000 2.000 2.000
1.000 2.000 2.000
2.000 1.000 2.000
1.000 1.000 2.000
1.000 2.000 2.000
1.000 2.000 2.000
1.000 2.000 1.000
2.000 1.000 2.000
2.000 1.000 2.000
2.000 2.000 1.000
3.000 3.000 3.000
2.000 1.000 2.000
1.000 1.000 2.000
2.000 2.000 1.000
2.000 2.000 2.000
2.000 1.000 1.000
1.000 2.000 1.000
1.000 2.000 2.000
2.000 2.000 1.000
1.000 2.000 2.000
1.000 1.000 1.000
1.000 2.000 1.000
1.000 1.000 1.000
1.000 2.000 1.000
2.000 1.000 2.000
1.000 1.000 2.000
2.000 2.000 1.000
1.000 2.000 1.000
2.000 1.000 2.000
2.000 2.000 1.000
1.000 2.000 3.000
1.000 2.000 1.000
2.000 1.000 1.000
1.000 1.000 2.000
2.000 1.000 1.000
1.000 2.000 2.000
1.000 2.000 1.000
2.000 1.000 2.000
1.000 1.000 1.000
1.000 2.000 1.000
2.000 3.000 3.000
1.000 2.000 1.000
1.000 2.000 1.000
1.000 2.000 1.000
2.000 2.000 1.000
1.000 2.000 1.000
1.000 1.000 2.000
1.000 1.000 2.000
2.000 1.000 2.000
2.000 1.000 1.000
1.000 2.000 1.000
2.000 1.000 1.000
1.000 1.000 2.000
1.000 1.000 2.000
1.000 2.000 2.000
2.000 2.000 2.000
2.000 2.000 1.000
2.000 1.000 1.000
3.000 3.000 3.000
2.000 1.000 1.000
2.000 2.000 1.000
1.000 2.000 1.000
1.000 2.000 1.000
1.000 2.000 1.000
2.000 2.000 2.000
2.000 2.000 2.000
2.000 2.000 2.000
2.000 1.000 1.000
2.000 1.000 1.000
1.000 2.000 1.000
2.000 2.000 2.000
2.000 1.000 1.000
1.000 1.000 2.000
2.000 1.000 2.000
1.000 2.000 2.000
1.000 2.000 2.000
2.000 2.000 2.000
2.000 2.000 2.000
2.000 1.000 1.000
2.000 2.000 2.000
1.000 2.000 1.000
1.000 1.000 1.000
1.000 1.000 2.000
1.000 1.000 1.000
2.000 2.000 2.000
1.000 2.000 1.000
2.000 1.000 2.000
1.000 1.000 2.000
2.000 2.000 1.000
2.000 1.000 2.000
1.000 2.000 1.000
2.000 2.000 2.000
1.000 2.000 1.000
1.000 1.000 1.000
1.000 1.000 2.000
1.000 1.000 2.000
2.000 1.000 1.000
2.000 1.000 2.000
1.000 2.000 2.000
1.000 1.000 1.000
1.000 2.000 1.000
1.000 1.000 2.000
2.000 2.000 1.000
2.000 2.000 2.000
2.000 1.000 2.000
2.000 1.000 1.000
1.000 1.000 2.000
1.000 1.000 2.000
1.000 2.000 1.000
1.000 2.000 2.000
1.000 2.000 1.000
1.000 1.000 1.000
1.000 1.000 2.000
2.000 1.000 2.000
2.000 2.000 2.000
1.000 2.000 2.000
2.000 1.000 1.000
2.000 2.000 1.000
2.000 1.000 2.000
2.000 2.000 1.000
1.000 2.000 2.000
1.000 2.000 2.000
1.000 2.000 1.000
1.000 1.000 2.000
1.000 2.000 1.000
1.000 1.000 2.000
1.000 3.000 2.000
2.000 1.000 2.000
1.000 2.000 1.000
3.000 2.000 3.000
2.000 2.000 2.000
2.000 2.000 1.000
2.000 2.000 3.000
1.000 2.000 1.000
2.000 2.000 2.000
1.000 2.000 1.000
2.000 1.000 1.000
1.000 1.000 1.000
1.000 1.000 1.000
2.000 1.000 2.000
1.000 1.000 1.000
1.000 2.000 1.000
1.000 1.000 2.000
1.000 1.000 2.000
1.000 1.000 2.000
1.000 1.000 1.000
2.000 2.000 2.000
1.000 1.000 1.000
2.000 1.000 1.000
1.000 1.000 2.000
1.000 2.000 1.000
2.000 1.000 2.000
2.000 1.000 1.000
2.000 1.000 1.000
1.000 2.000 2.000
1.000 1.000 2.000
1.000 2.000 1.000
1.000 2.000 2.000
1.000 1.000 1.000
1.000 1.000 2.000
1.000 2.000 2.000
1.000 1.000 2.000
3.000 2.000 2.000
1.000 1.000 1.000
1.000 1.000 1.000
1.000 2.000 2.000
2.000 1.000 2.000
2.000 1.000 2.000
2.000 1.000 2.000
1.000 1.000 1.000
2.000 1.000 2.000
2.000 1.000 2.000
2.000 1.000 1.000
1.000 1.000 2.000
1.000 1.000 1.000
1.000 2.000 1.000
2.000 1.000 2.000
1.000 1.000 1.000
1.000 1.000 2.000
1.000 2.000 1.000
1.000 1.000 2.000
1.000 2.000 2.000
2.000 2.000 1.000
2.000 1.000 2.000
1.000 1.000 1.000
2.000 1.000 1.000
1.000 2.000 2.000
2.000 2.000 1.000
2.000 1.000 2.000
1.000 2.000 2.000
1.000 2.000 2.000
2.000 2.000 1.000
1.000 2.000 1.000
1.000 1.000 2.000
1.000 2.000 1.000
2.000 2.000 2.000
3.000 1.000 1.000
2.000 1.000 1.000
1.000 2.000 1.000
1.000 1.000 1.000
2.000 1.000 2.000
2.000 1.000 1.000
2.000 2.000 2.000
2.000 2.000 1.000
1.000 2.000 2.000
1.000 2.000 2.000
1.000 1.000 2.000
2.000 2.000 1.000
2.000 2.000 2.000
1.000 2.000 1.000
1.000 1.000 2.000
1.000 1.000 1.000
1.000 2.000 2.000
1.000 1.000 2.000
2.000 2.000 2.000
2.000 2.000 2.000
1.000 2.000 1.000
2.000 2.000 2.000
2.000 2.000 1.000
2.000 2.000 1.000
2.000 2.000 2.000
2.000 3.000 2.000
2.000 2.000 2.000
1.000 1.000 1.000
1.000 2.000 1.000
2.000 1.000 1.000
2.000 2.000 2.000
3.000 3.000 3.000
1.000 2.000 2.000
1.000 2.000 1.000
1.000 2.000 1.000
2.000 2.000 2.000
1.000 2.000 2.000
3.000 2.000 1.000
3.000 3.000 2.000
1.000 1.000 2.000
1.000 2.000 1.000
1.000 2.000 2.000
2.000 2.000 2.000
1.000 2.000 2.000
2.000 2.000 2.000
2.000 1.000 1.000
2.000 1.000 2.000
2.000 2.000 2.000
1.000 2.000 2.000
2.000 1.000 1.000
1.000 2.000 1.000
1.000 3.000 1.000
1.000 1.000 1.000
2.000 1.000 2.000
1.000 2.000 2.000
2.000 1.000 1.000
1.000 1.000 1.000
1.000 1.000 1.000
1.000 1.000 1.000
1.000 2.000 1.000
2.000 2.000 1.000
2.000 2.000 1.000
2.000 2.000 2.000
2.000 1.000 2.000
1.000 2.000 2.000
2.000 1.000 1.000
2.000 1.000 1.000
4.000 1.000 6.000
1.000 1.000 2.000
2.000 1.000 1.000
1.000 2.000 2.000
1.000 2.000 2.000
1.000 1.000 1.000
2.000 2.000 2.000
2.000 2.000 2.000
1.000 2.000 2.000
2.000 1.000 1.000
2.000 2.000 2.000
1.000 1.000 2.000
1.000 2.000 1.000
2.000 1.000 2.000
2.000 2.000 2.000
1.000 2.000 2.000
2.000 1.000 2.000
2.000 1.000 1.000
2.000 1.000 1.000
1.000 2.000 2.000
1.000 2.000 1.000
1.000 1.000 2.000
2.000 2.000 1.000
2.000 2.000 1.000
1.000 2.000 1.000
3.000 3.000 1.000
2.000 2.000 1.000
2.000 2.000 1.000
1.000 2.000 3.000
1.000 2.000 2.000
3.000 2.000 3.000
2.000 2.000 2.000
1.000 2.000 1.000
2.000 2.000 1.000
1.000 2.000 1.000
1.000 1.000 1.000
1.000 1.000 1.000
1.000 2.000 1.000
3.000 3.000 2.000
1.000 2.000 1.000
2.000 2.000 2.000
2.000 1.000 1.000
2.000 1.000 1.000
1.000 3.000 3.000
2.000 3.000 1.000
2.000 2.000 2.000
1.000 2.000 1.000
2.000 1.000 2.000
2.000 2.000 2.000
2.000 2.000 1.000
2.000 3.000 2.000
1.000 2.000 2.000
2.000 1.000 2.000
1.000 2.000 2.000
1.000 1.000 2.000
2.000 2.000 1.000
1.000 1.000 1.000
1.000 2.000 1.000
2.000 2.000 1.000
3.000 3.000 2.000
1.000 2.000 2.000
2.000 1.000 2.000
1.000 2.000 1.000
1.000 2.000 1.000
1.000 1.000 2.000
1.000 1.000 2.000
1.000 1.000 1.000
1.000 2.000 1.000
2.000 1.000 2.000
1.000 2.000 1.000
2.000 2.000 2.000
1.000 1.000 2.000
2.000 2.000 3.000
2.000 2.000 1.000
1.000 1.000 1.000
1.000 1.000 1.000
2.000 1.000 2.000
1.000 1.000 2.000
2.000 1.000 2.000
1.000 2.000 1.000
2.000 1.000 2.000
1.000 2.000 2.000
2.000 1.000 2.000
1.000 2.000 1.000
1.000 2.000 2.000
2.000 2.000 2.000
1.000 2.000 2.000
1.000 1.000 2.000
2.000 1.000 1.000
1.000 2.000 1.000
1.000 2.000 1.000
2.000 1.000 2.000
1.000 2.000 1.000
2.000 1.000 2.000
1.000 1.000 2.000
1.000 2.000 2.000
1.000 2.000 2.000
2.000 2.000 1.000
1.000 1.000 1.000
2.000 2.000 2.000
1.000 1.000 2.000
2.000 2.000 1.000
2.000 1.000 2.000
1.000 2.000 2.000
1.000 1.000 1.000
1.000 1.000 1.000
1.000 1.000 2.000
2.000 2.000 2.000
2.000 2.000 2.000
2.000 2.000 1.000
2.000 1.000 1.000
1.000 1.000 2.000
2.000 1.000 1.000
2.000 1.000 2.000
2.000 1.000 1.000
1.000 2.000 2.000
1.000 2.000 2.000
1.000 2.000 1.000
2.000 2.000 1.000
1.000 1.000 2.000
1.000 1.000 1.000
1.000 1.000 2.000
2.000 2.000 2.000
1.000 2.000 1.000
2.000 1.000 1.000
1.000 2.000 2.000
1.000 2.000 1.000
2.000 1.000 2.000
1.000 2.000 1.000
1.000 1.000 2.000
2.000 2.000 1.000
1.000 2.000 2.000
1.000 2.000 2.000
1.000 1.000 2.000
2.000 2.000 2.000
2.000 1.000 1.000
2.000 1.000 2.000
1.000 1.000 2.000
1.000 1.000 1.000
1.000 1.000 1.000
1.000 1.000 1.000
1.000 2.000 1.000
2.000 1.000 2.000
1.000 2.000 1.000
2.000 1.000 1.000
2.000 2.000 1.000
2.000 1.000 2.000
2.000 1.000 1.000
2.000 2.000 1.000
1.000 2.000 1.000
2.000 2.000 1.000
2.000 1.000 2.000
1.000 2.000 2.000
1.000 1.000 1.000
1.000 1.000 1.000
1.000 2.000 1.000
1.000 1.000 2.000
1.000 1.000 1.000
2.000 1.000 1.000
2.000 1.000 1.000
2.000 1.000 1.000
1.000 1.000 1.000
1.000 1.000 2.000
1.000 1.000 1.000
2.000 1.000 1.000
1.000 1.000 2.000
1.000 2.000 1.000
2.000 1.000 1.000
1.000 1.000 2.000
1.000 1.000 2.000
1.000 2.000 1.000
2.000 1.000 1.000
1.000 2.000 2.000
1.000 2.000 2.000
1.000 2.000 1.000
1.000 2.000 2.000
1.000 1.000 1.000
2.000 1.000 1.000
2.000 1.000 1.000
1.000 2.000 2.000
2.000 1.000 1.000
2.000 2.000 2.000
2.000 2.000 2.000
2.000 2.000 1.000
2.000 2.000 2.000
1.000 1.000 2.000
1.000 1.000 2.000
1.000 1.000 2.000
1.000 1.000 2.000
2.000 2.000 2.000
2.000 1.000 2.000
1.000 2.000 2.000
2.000 1.000 2.000
2.000 2.000 2.000
1.000 1.000 1.000
1.000 1.000 2.000
1.000 1.000 1.000
2.000 1.000 2.000
2.000 1.000 2.000
2.000 1.000 2.000
1.000 1.000 1.000
2.000 1.000 1.000
2.000 1.000 1.000
1.000 1.000 2.000
2.000 1.000 1.000
2.000 1.000 1.000
1.000 1.000 2.000
1.000 2.000 2.000
2.000 1.000 1.000
2.000 2.000 2.000
2.000 2.000 1.000
1.000 2.000 1.000
2.000 2.000 2.000
2.000 2.000 1.000
1.000 1.000 1.000
1.000 1.000 1.000
2.000 2.000 2.000
1.000 2.000 1.000
2.000 2.000 2.000
2.000 1.000 2.000
1.000 1.000 2.000
2.000 1.000 1.000
2.000 1.000 2.000
1.000 2.000 1.000
2.000 1.000 1.000
1.000 1.000 1.000
2.000 2.000 2.000
2.000 2.000 1.000
2.000 1.000 2.000
1.000 2.000 1.000
1.000 1.000 2.000
2.000 1.000 1.000
1.000 2.000 1.000
1.000 1.000 2.000
1.000 2.000 1.000
2.000 1.000 1.000
2.000 1.000 2.000
1.000 2.000 1.000
1.000 2.000 2.000
2.000 2.000 1.000
2.000 2.000 2.000
2.000 2.000 1.000
2.000 1.000 2.000
1.000 2.000 1.000
1.000 2.000 1.000
1.000 1.000 2.000
1.000 2.000 2.000
2.000 2.000 1.000
2.000 1.000 2.000
2.000 2.000 1.000
1.000 2.000 1.000
2.000 2.000 1.000
1.000 2.000 1.000
1.000 2.000 1.000
2.000 1.000 1.000
1.000 2.000 2.000
2.000 1.000 1.000
2.000 1.000 1.000
2.000 1.000 1.000
2.000 2.000 1.000
1.000 1.000 1.000
2.000 2.000 2.000
2.000 1.000 1.000
2.000 1.000 2.000
1.000 1.000 1.000
1.000 1.000 2.000
2.000 2.000 1.000
1.000 2.000 2.000
1.000 2.000 1.000
1.000 1.000 1.000
