8.000 2.000 4.000
1.000 1.000 2.000
3.000 3.000 3.000
10.000 11.000 2.000
2.000 2.000 1.000
4.000 1.000 2.000
4.000 1.000 1.000
4.000 4.000 5.000
2.000 9.000 6.000
2.000 2.000 2.000
4.000 5.000 3.000
2.000 6.000 4.000
2.000 2.000 2.000
1.000 2.000 2.000
1.000 1.000 1.000
3.000 2.000 2.000
3.000 4.000 3.000
4.000 1.000 10.000
2.000 1.000 2.000
2.000 2.000 4.000
1.000 2.000 4.000
2.000 1.000 2.000
1.000 1.000 1.000
1.000 1.000 1.000
1.000 1.000 1.000
2.000 1.000 1.000
2.000 1.000 1.000
2.000 1.000 1.000
9.000 7.000 8.000
2.000 1.000 1.000
1.000 1.000 2.000
3.000 2.000 1.000
1.000 2.000 1.000
2.000 3.000 3.000
17.000 17.000 15.000
2.000 3.000 4.000
3.000 1.000 3.000
2.000 4.000 5.000
3.000 2.000 2.000
5.000 3.000 3.000
7.000 4.000 7.000
5.000 6.000 5.000
11.000 3.000 7.000
5.000 6.000 3.000
1.000 1.000 2.000
2.000 2.000 1.000
2.000 1.000 1.000
2.000 3.000 1.000
2.000 2.000 2.000
2.000 2.000 2.000
1.000 1.000 1.000
2.000 3.000 1.000
21.000 25.000 24.000
1.000 2.000 1.000
4.000 4.000 2.000
1.000 1.000 1.000
1.000 1.000 2.000
1.000 1.000 1.000
2.000 1.000 2.000
2.000 2.000 1.000
2.000 2.000 2.000
2.000 2.000 1.000
2.000 2.000 1.000
1.000 3.000 2.000
2.000 1.000 1.000
2.000 2.000 1.000
2.000 2.000 1.000
2.000 2.000 2.000
1.000 2.000 2.000
1.000 2.000 2.000
2.000 2.000 2.000
1.000 1.000 1.000
2.000 1.000 2.000
2.000 2.000 2.000
1.000 4.000 1.000
2.000 3.000 1.000
2.000 1.000 1.000
1.000 1.000 1.000
2.000 1.000 2.000
1.000 1.000 1.000
1.000 2.000 2.000
2.000 1.000 2.000
3.000 1.000 1.000
3.000 10.000 9.000
5.000 5.000 4.000
2.000 2.000 2.000
1.000 1.000 1.000
2.000 2.000 2.000
2.000 2.000 2.000
1.000 1.000 1.000
1.000 2.000 2.000
2.000 1.000 1.000
3.000 3.000 1.000
2.000 1.000 2.000
2.000 2.000 1.000
2.000 1.000 2.000
2.000 2.000 2.000
1.000 3.000 2.000
2.000 2.000 4.000
5.000 5.000 1.000
5.000 7.000 6.000
5.000 1.000 5.000
4.000 4.000 2.000
1.000 1.000 3.000
3.000 4.000 6.000
1.000 3.000 2.000
6.000 1.000 3.000
9.000 4.000 9.000
3.000 2.000 3.000
9.000 6.000 8.000
2.000 1.000 3.000
1.000 3.000 4.000
3.000 3.000 3.000
5.000 1.000 11.000
2.000 1.000 1.000
69.000 61.000 45.000
1.000 2.000 2.000
1.000 2.000 1.000
1.000 2.000 2.000
3.000 1.000 2.000
2.000 1.000 1.000
1.000 2.000 2.000
1.000 2.000 1.000
2.000 2.000 2.000
2.000 2.000 2.000
2.000 2.000 2.000
2.000 2.000 2.000
1.000 2.000 2.000
2.000 1.000 1.000
1.000 2.000 2.000
1.000 2.000 2.000
2.000 1.000 2.000
2.000 2.000 1.000
2.000 3.000 2.000
1.000 1.000 2.000
1.000 1.000 2.000
2.000 1.000 2.000
2.000 1.000 2.000
2.000 1.000 2.000
2.000 2.000 2.000
2.000 1.000 2.000
2.000 1.000 1.000
2.000 2.000 2.000
1.000 2.000 1.000
2.000 2.000 2.000
2.000 2.000 1.000
2.000 1.000 1.000
1.000 1.000 2.000
1.000 1.000 1.000
2.000 2.000 1.000
1.000 1.000 2.000
2.000 2.000 2.000
1.000 2.000 2.000
1.000 2.000 1.000
1.000 2.000 2.000
2.000 2.000 2.000
1.000 2.000 1.000
1.000 1.000 1.000
1.000 1.000 2.000
2.000 1.000 1.000
1.000 2.000 2.000
1.000 2.000 1.000
1.000 2.000 2.000
2.000 1.000 2.000
1.000 2.000 1.000
2.000 1.000 1.000
1.000 1.000 1.000
1.000 2.000 2.000
1.000 2.000 2.000
1.000 2.000 1.000
2.000 1.000 2.000
2.000 2.000 2.000
2.000 2.000 1.000
2.000 1.000 2.000
2.000 1.000 1.000
1.000 2.000 2.000
2.000 2.000 2.000
2.000 2.000 2.000
1.000 2.000 2.000
2.000 2.000 2.000
1.000 2.000 2.000
2.000 1.000 1.000
2.000 1.000 2.000
7.000 1.000 6.000
2.000 1.000 2.000
2.000 1.000 1.000
1.000 11.000 6.000
1.000 2.000 2.000
1.000 1.000 1.000
3.000 2.000 3.000
3.000 5.000 5.000
1.000 1.000 1.000
3.000 3.000 1.000
2.000 1.000 4.000
1.000 2.000 1.000
21.000 11.000 28.000
4.000 6.000 1.000
4.000 7.000 13.000
17.000 18.000 14.000
6.000 2.000 1.000
1.000 3.000 2.000
5.000 2.000 4.000
2.000 5.000 4.000
2.000 5.000 3.000
2.000 2.000 2.000
2.000 2.000 3.000
1.000 1.000 1.000
10.000 6.000 6.000
2.000 3.000 3.000
2.000 7.000 7.000
4.000 5.000 5.000
10.000 11.000 11.000
3.000 2.000 7.000
2.000 2.000 2.000
1.000 1.000 2.000
1.000 2.000 1.000
1.000 1.000 1.000
4.000 3.000 3.000
1.000 3.000 3.000
2.000 1.000 2.000
2.000 2.000 4.000
2.000 3.000 3.000
3.000 5.000 2.000
2.000 1.000 2.000
1.000 1.000 2.000
2.000 2.000 1.000
1.000 1.000 2.000
1.000 2.000 2.000
1.000 1.000 5.000
1.000 1.000 2.000
2.000 1.000 2.000
2.000 1.000 1.000
1.000 2.000 2.000
1.000 2.000 2.000
1.000 2.000 2.000
1.000 2.000 2.000
1.000 1.000 1.000
1.000 1.000 2.000
1.000 2.000 2.000
2.000 2.000 2.000
1.000 1.000 2.000
1.000 4.000 1.000
2.000 2.000 1.000
2.000 1.000 2.000
8.000 7.000 7.000
10.000 1.000 2.000
3.000 4.000 3.000
1.000 4.000 2.000
1.000 2.000 3.000
3.000 1.000 3.000
3.000 1.000 1.000
4.000 10.000 5.000
2.000 1.000 1.000
1.000 2.000 2.000
1.000 1.000 2.000
3.000 2.000 2.000
2.000 2.000 6.000
3.000 5.000 5.000
4.000 5.000 1.000
2.000 1.000 3.000
2.000 4.000 4.000
5.000 4.000 4.000
1.000 2.000 4.000
1.000 5.000 4.000
1.000 4.000 3.000
1.000 2.000 5.000
2.000 2.000 2.000
4.000 2.000 2.000
2.000 3.000 3.000
2.000 1.000 1.000
5.000 2.000 1.000
1.000 1.000 2.000
1.000 6.000 1.000
1.000 1.000 2.000
1.000 2.000 1.000
2.000 1.000 2.000
2.000 1.000 2.000
2.000 2.000 3.000
2.000 1.000 1.000
1.000 1.000 2.000
2.000 2.000 1.000
1.000 2.000 2.000
1.000 3.000 1.000
4.000 3.000 3.000
1.000 2.000 1.000
1.000 3.000 3.000
2.000 2.000 2.000
1.000 7.000 1.000
3.000 1.000 2.000
1.000 1.000 1.000
1.000 2.000 2.000
2.000 3.000 3.000
2.000 3.000 1.000
1.000 1.000 1.000
1.000 2.000 2.000
2.000 1.000 1.000
2.000 1.000 2.000
1.000 1.000 2.000
1.000 2.000 1.000
1.000 4.000 3.000
4.000 7.000 3.000
2.000 1.000 1.000
1.000 1.000 2.000
2.000 2.000 2.000
2.000 1.000 2.000
1.000 2.000 1.000
3.000 3.000 1.000
1.000 5.000 3.000
2.000 9.000 7.000
3.000 4.000 4.000
1.000 1.000 1.000
2.000 1.000 3.000
6.000 5.000 4.000
3.000 3.000 3.000
2.000 3.000 4.000
1.000 2.000 2.000
3.000 3.000 2.000
3.000 4.000 3.000
4.000 3.000 2.000
1.000 1.000 2.000
2.000 2.000 2.000
1.000 2.000 2.000
1.000 3.000 1.000
2.000 2.000 1.000
1.000 1.000 3.000
11.000 1.000 11.000
2.000 2.000 1.000
6.000 4.000 1.000
1.000 1.000 2.000
27.000 45.000 27.000
3.000 2.000 1.000
1.000 1.000 3.000
1.000 1.000 3.000
4.000 3.000 4.000
1.000 1.000 1.000
1.000 4.000 2.000
1.000 3.000 2.000
3.000 3.000 4.000
1.000 2.000 2.000
2.000 2.000 2.000
2.000 2.000 1.000
1.000 3.000 2.000
3.000 1.000 1.000
2.000 3.000 1.000
3.000 1.000 1.000
2.000 2.000 2.000
1.000 2.000 2.000
3.000 3.000 1.000
1.000 2.000 2.000
2.000 3.000 2.000
1.000 1.000 1.000
1.000 2.000 2.000
2.000 2.000 1.000
1.000 2.000 3.000
4.000 3.000 1.000
2.000 1.000 2.000
1.000 3.000 3.000
3.000 4.000 3.000
1.000 2.000 1.000
2.000 2.000 1.000
1.000 2.000 2.000
2.000 1.000 1.000
4.000 3.000 4.000
1.000 1.000 2.000
2.000 1.000 1.000
3.000 1.000 2.000
1.000 3.000 2.000
3.000 1.000 1.000
2.000 1.000 1.000
1.000 1.000 2.000
1.000 2.000 1.000
1.000 2.000 2.000
1.000 1.000 2.000
4.000 3.000 1.000
2.000 2.000 3.000
1.000 1.000 1.000
2.000 2.000 1.000
3.000 3.000 3.000
5.000 2.000 2.000
10.000 8.000 9.000
2.000 2.000 2.000
7.000 1.000 3.000
2.000 1.000 2.000
1.000 3.000 1.000
5.000 3.000 6.000
4.000 4.000 2.000
4.000 8.000 5.000
3.000 3.000 1.000
3.000 3.000 2.000
2.000 2.000 1.000
10.000 11.000 10.000
1.000 3.000 2.000
3.000 3.000 2.000
7.000 6.000 5.000
1.000 4.000 1.000
1.000 1.000 2.000
1.000 3.000 1.000
1.000 2.000 2.000
1.000 1.000 1.000
2.000 1.000 2.000
2.000 2.000 1.000
1.000 1.000 2.000
1.000 2.000 1.000
2.000 1.000 1.000
2.000 1.000 1.000
2.000 1.000 1.000
3.000 3.000 1.000
2.000 4.000 2.000
2.000 3.000 3.000
5.000 1.000 2.000
2.000 2.000 1.000
2.000 2.000 3.000
5.000 1.000 3.000
4.000 4.000 3.000
2.000 4.000 1.000
2.000 2.000 1.000
1.000 2.000 2.000
1.000 7.000 6.000
10.000 5.000 4.000
4.000 4.000 6.000
4.000 2.000 4.000
2.000 1.000 1.000
1.000 2.000 3.000
1.000 1.000 1.000
3.000 3.000 3.000
7.000 8.000 8.000
6.000 4.000 5.000
4.000 3.000 1.000
1.000 2.000 2.000
2.000 2.000 1.000
4.000 1.000 1.000
2.000 3.000 2.000
4.000 5.000 5.000
3.000 3.000 2.000
7.000 6.000 6.000
4.000 2.000 1.000
3.000 1.000 2.000
3.000 4.000 3.000
3.000 3.000 2.000
4.000 1.000 1.000
2.000 1.000 2.000
8.000 3.000 7.000
1.000 1.000 2.000
2.000 2.000 2.000
1.000 1.000 1.000
1.000 1.000 2.000
3.000 1.000 8.000
1.000 1.000 1.000
1.000 2.000 2.000
2.000 4.000 2.000
2.000 2.000 1.000
1.000 1.000 1.000
2.000 2.000 2.000
1.000 1.000 1.000
2.000 2.000 2.000
1.000 1.000 2.000
2.000 1.000 1.000
1.000 3.000 4.000
3.000 4.000 2.000
1.000 2.000 2.000
3.000 8.000 6.000
3.000 1.000 3.000
1.000 2.000 3.000
1.000 1.000 2.000
3.000 2.000 3.000
2.000 1.000 2.000
6.000 2.000 5.000
2.000 2.000 2.000
7.000 10.000 3.000
6.000 1.000 4.000
19.000 2.000 2.000
34.000 18.000 36.000
2.000 1.000 2.000
3.000 2.000 3.000
1.000 4.000 1.000
3.000 2.000 3.000
2.000 2.000 2.000
2.000 1.000 3.000
1.000 1.000 1.000
1.000 1.000 1.000
1.000 2.000 2.000
1.000 2.000 2.000
3.000 3.000 2.000
2.000 1.000 2.000
2.000 2.000 3.000
4.000 4.000 3.000
4.000 2.000 2.000
1.000 3.000 2.000
1.000 1.000 1.000
2.000 3.000 1.000
3.000 4.000 3.000
2.000 2.000 2.000
3.000 1.000 2.000
1.000 1.000 2.000
2.000 1.000 2.000
2.000 2.000 1.000
2.000 2.000 1.000
2.000 3.000 2.000
1.000 3.000 2.000
2.000 3.000 3.000
1.000 1.000 1.000
5.000 3.000 2.000
1.000 2.000 1.000
2.000 2.000 2.000
1.000 1.000 2.000
1.000 2.000 2.000
2.000 1.000 2.000
2.000 2.000 2.000
2.000 1.000 2.000
1.000 2.000 2.000
2.000 2.000 1.000
1.000 1.000 1.000
1.000 2.000 2.000
2.000 2.000 1.000
1.000 1.000 1.000
2.000 1.000 1.000
1.000 2.000 2.000
1.000 1.000 2.000
2.000 1.000 2.000
2.000 2.000 3.000
2.000 1.000 2.000
2.000 1.000 2.000
2.000 2.000 1.000
2.000 2.000 2.000
2.000 2.000 2.000
2.000 2.000 2.000
1.000 1.000 1.000
2.000 1.000 2.000
2.000 1.000 2.000
1.000 1.000 2.000
1.000 1.000 1.000
2.000 1.000 1.000
1.000 1.000 2.000
1.000 2.000 2.000
2.000 1.000 2.000
1.000 2.000 1.000
2.000 1.000 1.000
1.000 2.000 1.000
1.000 2.000 1.000
2.000 1.000 2.000
1.000 2.000 1.000
2.000 2.000 1.000
1.000 2.000 2.000
2.000 1.000 2.000
1.000 1.000 2.000
2.000 1.000 3.000
1.000 1.000 1.000
1.000 2.000 2.000
16.000 5.000 1.000
1.000 2.000 1.000
2.000 2.000 1.000
2.000 2.000 2.000
11.000 21.000 7.000
5.000 2.000 4.000
1.000 1.000 3.000
1.000 3.000 3.000
3.000 1.000 1.000
2.000 1.000 1.000
3.000 1.000 1.000
5.000 3.000 3.000
1.000 1.000 2.000
2.000 1.000 2.000
2.000 1.000 3.000
2.000 1.000 1.000
1.000 4.000 4.000
1.000 1.000 1.000
2.000 1.000 2.000
2.000 1.000 1.000
2.000 2.000 1.000
3.000 4.000 1.000
2.000 3.000 3.000
3.000 2.000 3.000
3.000 2.000 2.000
1.000 1.000 3.000
4.000 4.000 1.000
4.000 1.000 1.000
1.000 4.000 3.000
2.000 1.000 3.000
3.000 2.000 2.000
2.000 2.000 2.000
1.000 2.000 1.000
1.000 1.000 1.000
1.000 2.000 2.000
2.000 3.000 2.000
3.000 8.000 9.000
1.000 2.000 2.000
2.000 2.000 1.000
2.000 1.000 2.000
1.000 1.000 6.000
2.000 1.000 1.000
1.000 1.000 2.000
1.000 2.000 1.000
1.000 2.000 2.000
1.000 3.000 2.000
1.000 2.000 2.000
2.000 2.000 1.000
1.000 1.000 1.000
2.000 3.000 3.000
2.000 2.000 5.000
2.000 2.000 2.000
4.000 5.000 2.000
1.000 1.000 1.000
1.000 2.000 2.000
1.000 1.000 1.000
1.000 2.000 2.000
2.000 1.000 1.000
1.000 1.000 1.000
2.000 2.000 1.000
1.000 2.000 2.000
2.000 2.000 1.000
3.000 2.000 1.000
2.000 1.000 1.000
1.000 1.000 2.000
2.000 1.000 1.000
2.000 2.000 2.000
2.000 2.000 1.000
1.000 1.000 2.000
2.000 1.000 1.000
8.000 5.000 2.000
2.000 2.000 2.000
4.000 7.000 3.000
7.000 5.000 6.000
2.000 1.000 2.000
1.000 2.000 1.000
2.000 3.000 7.000
2.000 1.000 2.000
2.000 3.000 3.000
8.000 1.000 7.000
3.000 3.000 3.000
4.000 2.000 4.000
6.000 5.000 3.000
2.000 1.000 1.000
5.000 5.000 4.000
9.000 3.000 5.000
3.000 2.000 1.000
2.000 2.000 3.000
3.000 6.000 1.000
3.000 4.000 1.000
5.000 1.000 5.000
1.000 2.000 2.000
1.000 2.000 2.000
1.000 1.000 1.000
2.000 2.000 2.000
2.000 4.000 1.000
5.000 2.000 5.000
1.000 3.000 3.000
1.000 1.000 2.000
3.000 5.000 7.000
2.000 1.000 1.000
2.000 2.000 2.000
2.000 2.000 1.000
2.000 1.000 2.000
1.000 1.000 1.000
1.000 3.000 1.000
2.000 2.000 1.000
2.000 1.000 2.000
2.000 2.000 1.000
2.000 2.000 2.000
2.000 2.000 1.000
3.000 4.000 4.000
2.000 2.000 2.000
5.000 5.000 4.000
1.000 2.000 2.000
1.000 1.000 2.000
2.000 1.000 1.000
1.000 1.000 1.000
2.000 1.000 1.000
1.000 3.000 7.000
1.000 2.000 2.000
1.000 2.000 2.000
1.000 1.000 2.000
3.000 1.000 3.000
3.000 3.000 2.000
1.000 2.000 3.000
1.000 3.000 2.000
4.000 6.000 1.000
3.000 1.000 2.000
2.000 1.000 1.000
1.000 2.000 1.000
2.000 2.000 2.000
4.000 3.000 2.000
1.000 4.000 5.000
1.000 2.000 1.000
2.000 1.000 1.000
2.000 1.000 1.000
1.000 1.000 1.000
2.000 2.000 2.000
3.000 3.000 5.000
4.000 4.000 4.000
2.000 2.000 1.000
2.000 2.000 2.000
4.000 4.000 3.000
5.000 2.000 7.000
7.000 9.000 2.000
3.000 3.000 1.000
11.000 11.000 2.000
2.000 1.000 3.000
1.000 3.000 2.000
1.000 1.000 1.000
1.000 1.000 1.000
1.000 1.000 1.000
3.000 4.000 1.000
3.000 3.000 2.000
3.000 2.000 1.000
2.000 3.000 2.000
3.000 3.000 2.000
2.000 3.000 3.000
1.000 2.000 2.000
2.000 1.000 1.000
1.000 1.000 1.000
2.000 2.000 1.000
4.000 1.000 1.000
2.000 2.000 1.000
1.000 3.000 3.000
2.000 1.000 2.000
4.000 1.000 3.000
2.000 2.000 1.000
1.000 1.000 1.000
2.000 1.000 1.000
1.000 1.000 2.000
2.000 1.000 2.000
3.000 2.000 2.000
2.000 4.000 2.000
2.000 2.000 2.000
2.000 2.000 1.000
2.000 2.000 1.000
2.000 1.000 2.000
2.000 1.000 2.000
2.000 1.000 2.000
5.000 2.000 4.000
1.000 2.000 1.000
3.000 3.000 1.000
2.000 2.000 4.000
1.000 3.000 1.000
2.000 2.000 4.000
3.000 3.000 3.000
2.000 1.000 2.000
1.000 2.000 1.000
3.000 3.000 2.000
1.000 1.000 1.000
2.000 2.000 2.000
2.000 2.000 2.000
2.000 1.000 2.000
1.000 2.000 1.000
1.000 1.000 2.000
6.000 7.000 6.000
2.000 2.000 1.000
1.000 4.000 2.000
1.000 2.000 2.000
3.000 3.000 3.000
1.000 2.000 1.000
5.000 4.000 3.000
3.000 1.000 3.000
3.000 3.000 1.000
3.000 1.000 2.000
1.000 1.000 3.000
1.000 2.000 1.000
2.000 3.000 3.000
3.000 2.000 1.000
1.000 7.000 6.000
3.000 5.000 5.000
4.000 4.000 3.000
3.000 2.000 3.000
3.000 1.000 1.000
2.000 1.000 1.000
2.000 4.000 4.000
2.000 1.000 2.000
3.000 1.000 1.000
2.000 2.000 2.000
1.000 2.000 1.000
2.000 2.000 1.000
4.000 1.000 1.000
1.000 2.000 2.000
7.000 3.000 3.000
2.000 2.000 2.000
1.000 2.000 1.000
3.000 3.000 4.000
2.000 2.000 1.000
1.000 1.000 2.000
1.000 3.000 3.000
2.000 2.000 2.000
1.000 1.000 1.000
1.000 2.000 2.000
2.000 1.000 1.000
4.000 3.000 1.000
1.000 2.000 1.000
2.000 2.000 2.000
1.000 1.000 2.000
1.000 2.000 2.000
1.000 3.000 1.000
3.000 2.000 3.000
1.000 1.000 1.000
1.000 1.000 1.000
1.000 1.000 1.000
2.000 2.000 2.000
3.000 2.000 3.000
1.000 3.000 3.000
4.000 4.000 2.000
1.000 3.000 1.000
1.000 2.000 3.000
2.000 1.000 2.000
1.000 1.000 1.000
1.000 1.000 1.000
2.000 1.000 1.000
1.000 1.000 1.000
2.000 2.000 2.000
2.000 1.000 1.000
1.000 1.000 2.000
1.000 1.000 1.000
2.000 3.000 2.000
2.000 2.000 2.000
1.000 2.000 2.000
2.000 3.000 2.000
2.000 2.000 1.000
1.000 1.000 2.000
3.000 4.000 2.000
2.000 3.000 2.000
2.000 4.000 6.000
1.000 2.000 1.000
3.000 3.000 1.000
3.000 2.000 2.000
3.000 1.000 3.000
4.000 3.000 4.000
3.000 1.000 3.000
1.000 1.000 1.000
1.000 2.000 2.000
1.000 2.000 1.000
2.000 2.000 1.000
1.000 2.000 1.000
2.000 2.000 2.000
2.000 1.000 1.000
1.000 1.000 2.000
1.000 2.000 2.000
2.000 2.000 2.000
1.000 2.000 2.000
2.000 3.000 3.000
3.000 1.000 4.000
3.000 3.000 2.000
3.000 2.000 1.000
2.000 1.000 1.000
1.000 2.000 1.000
1.000 2.000 2.000
1.000 1.000 2.000
2.000 2.000 1.000
1.000 1.000 2.000
1.000 1.000 3.000
1.000 2.000 1.000
1.000 1.000 1.000
2.000 1.000 1.000
1.000 1.000 2.000
2.000 2.000 1.000
1.000 2.000 1.000
1.000 2.000 2.000
2.000 1.000 3.000
1.000 3.000 1.000
2.000 1.000 2.000
3.000 1.000 1.000
3.000 4.000 4.000
3.000 3.000 1.000
2.000 2.000 2.000
2.000 2.000 1.000
4.000 8.000 2.000
2.000 2.000 2.000
2.000 1.000 2.000
2.000 1.000 2.000
1.000 1.000 1.000
1.000 1.000 2.000
2.000 1.000 1.000
2.000 1.000 1.000
1.000 1.000 1.000
2.000 2.000 2.000
1.000 2.000 2.000
1.000 1.000 2.000
1.000 2.000 1.000
2.000 1.000 2.000
1.000 1.000 2.000
1.000 2.000 2.000
2.000 1.000 1.000
6.000 3.000 7.000
2.000 1.000 4.000
4.000 2.000 1.000
1.000 1.000 3.000
4.000 2.000 4.000
1.000 2.000 2.000
2.000 2.000 1.000
2.000 1.000 1.000
2.000 1.000 1.000
2.000 1.000 1.000
2.000 1.000 2.000
1.000 1.000 1.000
1.000 1.000 2.000
2.000 2.000 1.000
1.000 2.000 2.000
1.000 2.000 1.000
1.000 2.000 2.000
1.000 1.000 1.000
2.000 2.000 1.000
2.000 2.000 2.000
2.000 2.000 1.000
2.000 2.000 2.000
1.000 3.000 4.000
1.000 1.000 1.000
1.000 2.000 2.000
1.000 1.000 1.000
1.000 2.000 4.000
2.000 2.000 3.000
2.000 1.000 2.000
2.000 1.000 2.000
2.000 1.000 2.000
1.000 3.000 2.000
2.000 2.000 2.000
3.000 3.000 1.000
2.000 2.000 1.000
1.000 2.000 2.000
2.000 2.000 2.000
3.000 1.000 2.000
2.000 2.000 2.000
2.000 3.000 1.000
5.000 3.000 2.000
2.000 2.000 2.000
1.000 1.000 2.000
6.000 2.000 5.000
1.000 2.000 4.000
4.000 2.000 1.000
2.000 1.000 2.000
4.000 5.000 4.000
2.000 1.000 1.000
1.000 2.000 3.000
2.000 1.000 2.000
2.000 3.000 1.000
1.000 1.000 2.000
4.000 1.000 1.000
2.000 1.000 1.000
3.000 4.000 5.000
1.000 2.000 2.000
2.000 2.000 1.000
3.000 3.000 3.000
3.000 1.000 4.000
5.000 4.000 5.000
1.000 1.000 1.000
2.000 2.000 2.000
2.000 1.000 2.000
1.000 1.000 2.000
2.000 1.000 1.000
2.000 1.000 2.000
2.000 1.000 1.000
2.000 2.000 1.000
1.000 2.000 2.000
2.000 2.000 1.000
2.000 1.000 1.000
2.000 1.000 2.000
1.000 2.000 2.000
2.000 3.000 1.000
1.000 1.000 1.000
2.000 1.000 2.000
1.000 2.000 2.000
2.000 1.000 1.000
1.000 1.000 2.000
2.000 1.000 1.000
1.000 2.000 2.000
1.000 1.000 1.000
1.000 2.000 1.000
1.000 2.000 1.000
1.000 1.000 1.000
1.000 2.000 2.000
4.000 2.000 4.000
1.000 1.000 1.000
1.000 2.000 2.000
1.000 2.000 2.000
1.000 1.000 1.000
2.000 1.000 2.000
2.000 2.000 2.000
2.000 1.000 1.000
1.000 1.000 1.000
2.000 2.000 2.000
2.000 2.000 1.000
1.000 2.000 1.000
2.000 2.000 1.000
1.000 2.000 2.000
2.000 1.000 2.000
1.000 2.000 2.000
1.000 2.000 1.000
2.000 1.000 1.000
1.000 2.000 2.000
4.000 1.000 3.000
2.000 1.000 1.000
1.000 1.000 1.000
2.000 1.000 1.000
2.000 1.000 2.000
2.000 2.000 2.000
1.000 2.000 1.000
1.000 1.000 2.000
2.000 1.000 2.000
