5.000 8.000 6.000
18.000 11.000 9.000
4.000 40.000 6.000
12.000 25.000 19.000
1.000 2.000 1.000
2.000 2.000 2.000
1.000 2.000 2.000
1.000 1.000 2.000
2.000 1.000 3.000
4.000 2.000 2.000
1.000 2.000 2.000
2.000 2.000 1.000
1.000 1.000 2.000
2.000 2.000 1.000
1.000 5.000 2.000
1.000 2.000 2.000
2.000 2.000 2.000
13.000 19.000 21.000
6.000 15.000 16.000
16.000 13.000 12.000
28.000 28.000 28.000
1.000 1.000 2.000
2.000 2.000 1.000
2.000 1.000 2.000
2.000 4.000 1.000
1.000 1.000 1.000
3.000 2.000 1.000
1.000 2.000 3.000
3.000 1.000 2.000
4.000 3.000 1.000
1.000 2.000 2.000
3.000 2.000 2.000
1.000 1.000 3.000
1.000 2.000 2.000
1.000 1.000 4.000
45.000 43.000 38.000
28.000 12.000 33.000
19.000 15.000 7.000
11.000 3.000 4.000
6.000 7.000 4.000
25.000 13.000 5.000
12.000 12.000 20.000
18.000 10.000 22.000
17.000 18.000 11.000
2.000 2.000 1.000
1.000 2.000 2.000
2.000 1.000 1.000
2.000 3.000 3.000
2.000 1.000 3.000
3.000 1.000 2.000
1.000 3.000 5.000
2.000 3.000 1.000
2.000 2.000 1.000
2.000 1.000 2.000
2.000 2.000 2.000
2.000 1.000 2.000
3.000 8.000 3.000
3.000 3.000 4.000
2.000 3.000 1.000
3.000 2.000 3.000
2.000 1.000 2.000
2.000 1.000 1.000
1.000 2.000 1.000
2.000 2.000 2.000
2.000 2.000 2.000
1.000 2.000 1.000
2.000 1.000 1.000
6.000 9.000 7.000
6.000 4.000 3.000
1.000 7.000 3.000
6.000 8.000 6.000
2.000 33.000 16.000
12.000 19.000 7.000
4.000 3.000 2.000
12.000 2.000 7.000
5.000 20.000 12.000
10.000 4.000 8.000
26.000 14.000 7.000
40.000 40.000 52.000
1.000 1.000 2.000
2.000 1.000 1.000
1.000 2.000 1.000
8.000 3.000 3.000
1.000 1.000 1.000
4.000 5.000 5.000
1.000 3.000 2.000
4.000 5.000 5.000
1.000 2.000 2.000
1.000 2.000 1.000
2.000 2.000 2.000
2.000 6.000 1.000
3.000 3.000 3.000
2.000 2.000 2.000
2.000 3.000 4.000
1.000 1.000 2.000
2.000 2.000 2.000
1.000 2.000 1.000
4.000 4.000 4.000
3.000 5.000 4.000
2.000 7.000 4.000
2.000 28.000 10.000
9.000 5.000 10.000
57.000 44.000 48.000
1.000 2.000 1.000
3.000 3.000 2.000
1.000 1.000 2.000
1.000 1.000 2.000
2.000 1.000 2.000
1.000 1.000 2.000
1.000 1.000 1.000
2.000 1.000 2.000
2.000 2.000 2.000
7.000 2.000 4.000
2.000 1.000 1.000
1.000 2.000 1.000
3.000 3.000 4.000
1.000 2.000 1.000
10.000 23.000 20.000
11.000 14.000 1.000
25.000 12.000 13.000
2.000 1.000 2.000
2.000 1.000 2.000
3.000 2.000 5.000
6.000 7.000 7.000
1.000 2.000 1.000
2.000 1.000 1.000
1.000 2.000 1.000
1.000 1.000 1.000
1.000 1.000 1.000
2.000 1.000 1.000
1.000 2.000 1.000
1.000 2.000 3.000
1.000 1.000 1.000
2.000 1.000 1.000
1.000 1.000 2.000
2.000 1.000 1.000
1.000 3.000 1.000
2.000 1.000 1.000
2.000 3.000 5.000
2.000 2.000 1.000
2.000 1.000 1.000
2.000 2.000 2.000
2.000 2.000 1.000
1.000 3.000 2.000
2.000 2.000 2.000
2.000 1.000 2.000
18.000 1.000 6.000
9.000 13.000 4.000
7.000 11.000 13.000
23.000 13.000 12.000
19.000 25.000 19.000
18.000 37.000 10.000
11.000 28.000 15.000
7.000 2.000 6.000
15.000 12.000 16.000
6.000 15.000 7.000
3.000 7.000 4.000
8.000 16.000 4.000
35.000 16.000 36.000
2.000 2.000 2.000
19.000 14.000 12.000
1.000 2.000 1.000
1.000 1.000 1.000
1.000 2.000 1.000
2.000 2.000 1.000
2.000 3.000 1.000
3.000 1.000 3.000
2.000 2.000 1.000
2.000 1.000 1.000
1.000 2.000 2.000
2.000 2.000 2.000
1.000 2.000 1.000
2.000 1.000 2.000
1.000 2.000 1.000
2.000 2.000 1.000
2.000 2.000 2.000
2.000 2.000 2.000
2.000 2.000 1.000
2.000 2.000 1.000
16.000 6.000 13.000
32.000 17.000 26.000
7.000 1.000 7.000
16.000 6.000 11.000
25.000 38.000 30.000
4.000 6.000 1.000
12.000 9.000 12.000
7.000 4.000 21.000
4.000 6.000 5.000
5.000 2.000 8.000
13.000 9.000 10.000
13.000 7.000 25.000
3.000 2.000 3.000
11.000 12.000 13.000
3.000 2.000 3.000
4.000 1.000 3.000
2.000 1.000 2.000
3.000 2.000 2.000
3.000 3.000 3.000
2.000 2.000 1.000
2.000 2.000 2.000
1.000 1.000 2.000
2.000 5.000 4.000
2.000 2.000 2.000
2.000 2.000 2.000
1.000 4.000 2.000
6.000 3.000 1.000
2.000 2.000 2.000
1.000 1.000 2.000
1.000 2.000 1.000
1.000 1.000 1.000
1.000 2.000 1.000
1.000 2.000 1.000
5.000 2.000 1.000
3.000 3.000 1.000
2.000 1.000 2.000
2.000 5.000 2.000
3.000 2.000 1.000
1.000 2.000 2.000
2.000 2.000 1.000
3.000 1.000 3.000
1.000 2.000 1.000
1.000 3.000 2.000
2.000 2.000 1.000
2.000 2.000 1.000
2.000 2.000 2.000
3.000 4.000 1.000
3.000 2.000 2.000
1.000 2.000 1.000
2.000 1.000 1.000
2.000 2.000 2.000
1.000 2.000 2.000
2.000 1.000 1.000
2.000 3.000 1.000
7.000 22.000 12.000
28.000 13.000 13.000
1.000 5.000 4.000
1.000 4.000 4.000
3.000 4.000 5.000
21.000 12.000 5.000
13.000 10.000 11.000
11.000 12.000 11.000
11.000 4.000 7.000
32.000 7.000 1.000
15.000 14.000 13.000
23.000 11.000 14.000
3.000 2.000 1.000
1.000 6.000 13.000
30.000 8.000 2.000
4.000 20.000 22.000
21.000 3.000 7.000
38.000 22.000 31.000
20.000 14.000 6.000
2.000 4.000 1.000
15.000 23.000 23.000
53.000 6.000 44.000
27.000 28.000 5.000
3.000 3.000 3.000
2.000 3.000 1.000
1.000 2.000 2.000
4.000 2.000 3.000
3.000 4.000 1.000
1.000 1.000 2.000
2.000 3.000 2.000
1.000 3.000 1.000
1.000 1.000 2.000
4.000 2.000 1.000
2.000 3.000 1.000
4.000 3.000 2.000
1.000 2.000 1.000
4.000 2.000 2.000
1.000 1.000 4.000
5.000 2.000 5.000
4.000 1.000 4.000
3.000 4.000 1.000
1.000 6.000 2.000
4.000 2.000 2.000
42.000 21.000 3.000
12.000 6.000 13.000
4.000 1.000 4.000
7.000 1.000 4.000
4.000 12.000 5.000
11.000 4.000 14.000
2.000 2.000 1.000
1.000 1.000 2.000
1.000 1.000 2.000
2.000 2.000 2.000
1.000 4.000 1.000
1.000 1.000 1.000
2.000 1.000 2.000
2.000 2.000 2.000
2.000 1.000 1.000
1.000 2.000 1.000
2.000 2.000 2.000
1.000 1.000 1.000
1.000 1.000 2.000
3.000 1.000 2.000
2.000 4.000 2.000
4.000 5.000 3.000
2.000 2.000 2.000
3.000 3.000 2.000
4.000 2.000 4.000
1.000 2.000 3.000
1.000 2.000 1.000
2.000 15.000 10.000
2.000 1.000 1.000
2.000 1.000 1.000
1.000 1.000 2.000
3.000 2.000 3.000
1.000 1.000 1.000
2.000 2.000 2.000
2.000 2.000 1.000
1.000 2.000 2.000
2.000 2.000 2.000
1.000 1.000 3.000
6.000 1.000 1.000
1.000 1.000 2.000
1.000 2.000 1.000
1.000 1.000 2.000
4.000 4.000 2.000
1.000 7.000 7.000
2.000 1.000 1.000
5.000 3.000 1.000
2.000 1.000 2.000
1.000 2.000 1.000
2.000 2.000 2.000
3.000 3.000 2.000
2.000 2.000 1.000
2.000 1.000 2.000
1.000 1.000 2.000
2.000 1.000 1.000
3.000 3.000 3.000
2.000 2.000 2.000
1.000 1.000 2.000
3.000 3.000 1.000
2.000 2.000 1.000
1.000 1.000 2.000
3.000 1.000 4.000
2.000 1.000 2.000
2.000 1.000 3.000
1.000 1.000 1.000
2.000 1.000 1.000
2.000 2.000 2.000
2.000 2.000 2.000
7.000 4.000 1.000
3.000 2.000 8.000
6.000 10.000 12.000
2.000 1.000 2.000
1.000 4.000 4.000
2.000 2.000 3.000
3.000 2.000 2.000
2.000 2.000 2.000
2.000 2.000 1.000
1.000 2.000 1.000
2.000 2.000 1.000
2.000 1.000 1.000
2.000 1.000 1.000
1.000 1.000 2.000
1.000 1.000 2.000
2.000 1.000 2.000
1.000 2.000 1.000
2.000 1.000 1.000
2.000 1.000 1.000
35.000 16.000 22.000
20.000 26.000 28.000
2.000 5.000 5.000
1.000 1.000 2.000
1.000 2.000 2.000
2.000 1.000 1.000
2.000 9.000 1.000
5.000 1.000 2.000
27.000 22.000 19.000
2.000 2.000 1.000
3.000 2.000 2.000
2.000 2.000 2.000
4.000 4.000 4.000
1.000 2.000 1.000
6.000 6.000 4.000
2.000 2.000 1.000
2.000 2.000 3.000
3.000 1.000 2.000
2.000 2.000 1.000
1.000 1.000 2.000
2.000 1.000 1.000
1.000 1.000 2.000
2.000 2.000 2.000
1.000 3.000 2.000
2.000 2.000 2.000
1.000 2.000 1.000
1.000 2.000 4.000
2.000 3.000 1.000
2.000 2.000 1.000
2.000 1.000 2.000
2.000 2.000 2.000
2.000 4.000 2.000
2.000 3.000 2.000
2.000 2.000 1.000
2.000 1.000 1.000
2.000 2.000 1.000
4.000 4.000 1.000
2.000 3.000 1.000
3.000 3.000 3.000
1.000 3.000 2.000
7.000 12.000 5.000
2.000 2.000 1.000
3.000 5.000 6.000
3.000 2.000 5.000
2.000 1.000 1.000
2.000 1.000 2.000
1.000 1.000 2.000
3.000 7.000 6.000
10.000 6.000 5.000
17.000 15.000 30.000
13.000 5.000 9.000
12.000 16.000 21.000
1.000 2.000 1.000
2.000 2.000 3.000
1.000 2.000 1.000
2.000 2.000 1.000
1.000 1.000 2.000
2.000 1.000 1.000
2.000 2.000 1.000
2.000 2.000 2.000
1.000 1.000 1.000
2.000 2.000 3.000
1.000 2.000 1.000
4.000 4.000 2.000
1.000 2.000 2.000
3.000 2.000 1.000
1.000 1.000 2.000
2.000 1.000 1.000
2.000 2.000 1.000
2.000 3.000 1.000
2.000 1.000 2.000
1.000 2.000 1.000
1.000 2.000 2.000
1.000 3.000 2.000
1.000 2.000 1.000
2.000 2.000 1.000
4.000 4.000 3.000
2.000 2.000 1.000
1.000 1.000 2.000
1.000 2.000 2.000
2.000 1.000 1.000
6.000 4.000 32.000
15.000 6.000 3.000
7.000 17.000 1.000
14.000 16.000 33.000
3.000 1.000 4.000
44.000 26.000 49.000
23.000 6.000 33.000
1.000 1.000 3.000
2.000 6.000 5.000
2.000 2.000 2.000
2.000 1.000 2.000
1.000 1.000 1.000
6.000 1.000 4.000
1.000 1.000 1.000
2.000 2.000 3.000
6.000 4.000 5.000
2.000 3.000 3.000
2.000 3.000 1.000
6.000 2.000 6.000
2.000 1.000 2.000
1.000 1.000 2.000
2.000 2.000 2.000
1.000 1.000 2.000
2.000 2.000 2.000
1.000 3.000 2.000
1.000 1.000 2.000
2.000 2.000 1.000
1.000 1.000 2.000
1.000 2.000 8.000
2.000 2.000 1.000
1.000 3.000 1.000
1.000 1.000 1.000
5.000 2.000 4.000
3.000 5.000 7.000
2.000 3.000 3.000
3.000 3.000 3.000
2.000 2.000 2.000
2.000 1.000 2.000
34.000 4.000 41.000
12.000 3.000 8.000
10.000 13.000 2.000
33.000 23.000 10.000
10.000 9.000 12.000
20.000 21.000 4.000
5.000 5.000 1.000
4.000 10.000 7.000
2.000 3.000 1.000
10.000 12.000 17.000
2.000 1.000 1.000
26.000 9.000 25.000
2.000 1.000 1.000
4.000 3.000 1.000
4.000 1.000 2.000
1.000 1.000 2.000
1.000 1.000 2.000
2.000 1.000 1.000
2.000 1.000 2.000
4.000 2.000 3.000
3.000 2.000 1.000
2.000 1.000 2.000
3.000 5.000 4.000
2.000 2.000 1.000
2.000 3.000 2.000
14.000 35.000 11.000
17.000 20.000 10.000
7.000 5.000 7.000
22.000 24.000 16.000
1.000 2.000 3.000
6.000 1.000 7.000
22.000 3.000 3.000
43.000 47.000 2.000
1.000 3.000 8.000
4.000 5.000 5.000
11.000 14.000 12.000
26.000 4.000 22.000
17.000 42.000 18.000
8.000 40.000 23.000
6.000 1.000 6.000
3.000 7.000 1.000
17.000 11.000 2.000
11.000 10.000 11.000
18.000 21.000 7.000
15.000 29.000 18.000
2.000 2.000 2.000
1.000 2.000 2.000
3.000 3.000 1.000
1.000 2.000 2.000
1.000 2.000 2.000
2.000 2.000 2.000
1.000 1.000 2.000
2.000 1.000 2.000
1.000 2.000 1.000
1.000 1.000 2.000
2.000 2.000 2.000
4.000 4.000 2.000
2.000 2.000 2.000
2.000 2.000 2.000
3.000 1.000 2.000
1.000 2.000 1.000
2.000 2.000 2.000
1.000 3.000 1.000
28.000 12.000 18.000
14.000 18.000 26.000
7.000 8.000 15.000
1.000 3.000 6.000
18.000 21.000 1.000
13.000 6.000 18.000
24.000 10.000 31.000
4.000 4.000 3.000
4.000 2.000 2.000
2.000 1.000 2.000
1.000 2.000 2.000
1.000 3.000 2.000
2.000 2.000 1.000
2.000 2.000 2.000
5.000 3.000 4.000
2.000 1.000 1.000
2.000 1.000 1.000
1.000 3.000 1.000
11.000 28.000 4.000
12.000 9.000 17.000
23.000 6.000 13.000
11.000 14.000 24.000
18.000 9.000 8.000
11.000 12.000 1.000
1.000 2.000 1.000
5.000 4.000 2.000
4.000 4.000 4.000
2.000 1.000 2.000
1.000 1.000 2.000
5.000 2.000 1.000
2.000 2.000 2.000
2.000 2.000 2.000
3.000 17.000 20.000
9.000 10.000 11.000
1.000 1.000 3.000
2.000 2.000 1.000
1.000 1.000 2.000
2.000 1.000 1.000
1.000 3.000 1.000
2.000 1.000 2.000
3.000 1.000 1.000
6.000 6.000 1.000
1.000 3.000 3.000
3.000 3.000 2.000
2.000 1.000 3.000
1.000 2.000 1.000
2.000 1.000 3.000
2.000 1.000 1.000
5.000 4.000 2.000
1.000 3.000 4.000
2.000 2.000 1.000
4.000 1.000 1.000
7.000 7.000 7.000
3.000 2.000 3.000
4.000 4.000 4.000
3.000 2.000 3.000
2.000 2.000 1.000
1.000 2.000 1.000
2.000 2.000 2.000
3.000 3.000 2.000
6.000 4.000 6.000
2.000 1.000 3.000
2.000 1.000 2.000
1.000 2.000 1.000
3.000 2.000 2.000
1.000 2.000 1.000
35.000 16.000 25.000
22.000 22.000 27.000
22.000 20.000 21.000
10.000 5.000 9.000
8.000 16.000 1.000
8.000 16.000 11.000
7.000 6.000 4.000
1.000 2.000 1.000
1.000 2.000 2.000
2.000 1.000 1.000
4.000 3.000 5.000
2.000 1.000 1.000
1.000 2.000 1.000
1.000 1.000 2.000
2.000 2.000 1.000
2.000 2.000 2.000
3.000 3.000 3.000
2.000 2.000 1.000
2.000 2.000 2.000
1.000 1.000 2.000
1.000 1.000 3.000
1.000 2.000 2.000
5.000 1.000 5.000
4.000 3.000 3.000
2.000 1.000 2.000
2.000 2.000 1.000
1.000 2.000 1.000
3.000 3.000 4.000
1.000 2.000 3.000
1.000 2.000 1.000
1.000 2.000 1.000
1.000 2.000 3.000
1.000 2.000 4.000
3.000 4.000 2.000
6.000 9.000 7.000
8.000 8.000 1.000
2.000 1.000 7.000
1.000 18.000 4.000
1.000 1.000 3.000
1.000 1.000 2.000
1.000 1.000 2.000
2.000 1.000 3.000
3.000 4.000 4.000
1.000 4.000 4.000
2.000 2.000 1.000
2.000 1.000 2.000
1.000 4.000 4.000
2.000 2.000 3.000
3.000 3.000 5.000
4.000 3.000 2.000
2.000 2.000 1.000
1.000 2.000 2.000
1.000 2.000 2.000
2.000 1.000 1.000
1.000 2.000 1.000
2.000 1.000 1.000
2.000 3.000 1.000
3.000 2.000 3.000
2.000 1.000 2.000
1.000 2.000 2.000
24.000 21.000 8.000
3.000 5.000 10.000
13.000 5.000 13.000
16.000 14.000 7.000
36.000 27.000 38.000
3.000 3.000 3.000
3.000 2.000 2.000
2.000 2.000 9.000
2.000 1.000 2.000
9.000 9.000 3.000
1.000 1.000 1.000
2.000 2.000 1.000
3.000 1.000 2.000
2.000 2.000 2.000
2.000 2.000 1.000
1.000 1.000 2.000
1.000 1.000 2.000
1.000 1.000 2.000
3.000 12.000 16.000
24.000 20.000 13.000
8.000 12.000 2.000
2.000 1.000 4.000
3.000 7.000 2.000
1.000 2.000 2.000
43.000 26.000 23.000
2.000 1.000 2.000
1.000 3.000 1.000
1.000 2.000 2.000
1.000 1.000 2.000
1.000 1.000 1.000
2.000 3.000 3.000
1.000 4.000 1.000
2.000 2.000 1.000
1.000 3.000 2.000
1.000 2.000 1.000
2.000 3.000 1.000
3.000 1.000 1.000
2.000 1.000 2.000
2.000 2.000 3.000
1.000 5.000 1.000
3.000 4.000 3.000
3.000 3.000 1.000
2.000 3.000 3.000
3.000 3.000 3.000
3.000 3.000 2.000
1.000 1.000 1.000
2.000 4.000 4.000
2.000 2.000 1.000
3.000 2.000 1.000
3.000 7.000 14.000
7.000 6.000 15.000
3.000 2.000 2.000
2.000 1.000 1.000
1.000 2.000 3.000
2.000 2.000 1.000
4.000 4.000 2.000
1.000 1.000 2.000
1.000 2.000 2.000
2.000 7.000 1.000
3.000 3.000 3.000
5.000 5.000 1.000
3.000 4.000 2.000
2.000 1.000 1.000
3.000 6.000 3.000
1.000 1.000 2.000
2.000 1.000 1.000
1.000 1.000 1.000
1.000 2.000 2.000
2.000 2.000 1.000
11.000 3.000 8.000
1.000 1.000 8.000
18.000 12.000 11.000
16.000 14.000 19.000
3.000 4.000 2.000
9.000 4.000 1.000
3.000 1.000 2.000
1.000 24.000 11.000
1.000 2.000 8.000
9.000 4.000 1.000
9.000 2.000 16.000
19.000 9.000 25.000
10.000 12.000 17.000
4.000 2.000 8.000
2.000 2.000 2.000
2.000 2.000 1.000
2.000 2.000 2.000
11.000 13.000 8.000
2.000 1.000 1.000
1.000 2.000 2.000
1.000 1.000 3.000
1.000 1.000 1.000
3.000 3.000 3.000
1.000 2.000 2.000
6.000 3.000 8.000
2.000 5.000 2.000
1.000 3.000 4.000
15.000 14.000 15.000
15.000 14.000 6.000
3.000 7.000 13.000
22.000 32.000 13.000
6.000 17.000 23.000
1.000 2.000 2.000
1.000 2.000 3.000
4.000 4.000 3.000
5.000 2.000 4.000
5.000 6.000 4.000
2.000 3.000 2.000
5.000 3.000 2.000
2.000 2.000 2.000
4.000 4.000 6.000
3.000 1.000 3.000
2.000 1.000 1.000
1.000 4.000 2.000
4.000 4.000 4.000
2.000 2.000 1.000
1.000 2.000 1.000
2.000 2.000 2.000
2.000 1.000 2.000
1.000 1.000 2.000
1.000 2.000 1.000
2.000 1.000 1.000
1.000 2.000 2.000
1.000 3.000 3.000
3.000 1.000 3.000
5.000 1.000 1.000
2.000 2.000 2.000
1.000 2.000 1.000
3.000 1.000 3.000
2.000 5.000 3.000
1.000 1.000 2.000
2.000 3.000 1.000
8.000 12.000 8.000
2.000 2.000 2.000
5.000 1.000 2.000
2.000 1.000 1.000
2.000 2.000 2.000
1.000 2.000 2.000
1.000 3.000 3.000
1.000 1.000 2.000
2.000 1.000 17.000
2.000 1.000 1.000
2.000 2.000 1.000
2.000 2.000 1.000
2.000 2.000 2.000
2.000 2.000 1.000
2.000 1.000 2.000
2.000 1.000 1.000
1.000 3.000 3.000
1.000 1.000 1.000
3.000 1.000 1.000
2.000 1.000 1.000
2.000 3.000 3.000
5.000 2.000 1.000
3.000 4.000 4.000
4.000 3.000 4.000
3.000 2.000 1.000
2.000 17.000 2.000
2.000 2.000 2.000
1.000 1.000 1.000
1.000 2.000 2.000
4.000 2.000 4.000
5.000 2.000 4.000
2.000 2.000 2.000
2.000 1.000 2.000
2.000 1.000 1.000
4.000 3.000 4.000
2.000 2.000 2.000
2.000 1.000 1.000
3.000 3.000 3.000
1.000 2.000 2.000
2.000 2.000 2.000
1.000 1.000 1.000
1.000 1.000 1.000
14.000 13.000 10.000
3.000 3.000 3.000
1.000 2.000 2.000
2.000 1.000 2.000
1.000 1.000 2.000
3.000 3.000 4.000
2.000 2.000 2.000
1.000 1.000 3.000
2.000 3.000 1.000
3.000 2.000 3.000
2.000 1.000 2.000
1.000 2.000 4.000
4.000 1.000 1.000
2.000 9.000 6.000
2.000 3.000 4.000
3.000 13.000 10.000
3.000 3.000 1.000
3.000 1.000 3.000
3.000 2.000 3.000
2.000 2.000 2.000
4.000 6.000 6.000
5.000 4.000 1.000
3.000 3.000 2.000
3.000 2.000 1.000
1.000 1.000 2.000
1.000 1.000 3.000
4.000 1.000 5.000
2.000 1.000 1.000
12.000 25.000 2.000
4.000 7.000 15.000
2.000 1.000 2.000
3.000 3.000 2.000
1.000 1.000 1.000
2.000 1.000 1.000
2.000 1.000 2.000
2.000 1.000 1.000
2.000 1.000 1.000
2.000 4.000 1.000
4.000 4.000 2.000
1.000 2.000 1.000
1.000 2.000 2.000
1.000 1.000 1.000
2.000 1.000 2.000
2.000 1.000 2.000
1.000 1.000 1.000
2.000 3.000 1.000
1.000 2.000 2.000
1.000 2.000 1.000
2.000 1.000 2.000
3.000 1.000 4.000
1.000 3.000 1.000
4.000 2.000 1.000
1.000 2.000 1.000
1.000 2.000 1.000
4.000 4.000 2.000
2.000 1.000 2.000
1.000 2.000 2.000
2.000 2.000 1.000
2.000 2.000 2.000
1.000 1.000 1.000
2.000 2.000 1.000
2.000 2.000 2.000
1.000 1.000 1.000
1.000 1.000 1.000
2.000 1.000 1.000
1.000 1.000 2.000
2.000 2.000 2.000
2.000 2.000 1.000
2.000 3.000 2.000
1.000 1.000 2.000
1.000 1.000 2.000
1.000 1.000 2.000
2.000 1.000 2.000
2.000 1.000 1.000
1.000 2.000 1.000
2.000 2.000 1.000
1.000 2.000 2.000
1.000 1.000 1.000
1.000 2.000 2.000
1.000 2.000 2.000
1.000 1.000 1.000
1.000 2.000 2.000
13.000 10.000 9.000
7.000 7.000 1.000
7.000 5.000 3.000
16.000 23.000 5.000
8.000 1.000 6.000
33.000 22.000 33.000
3.000 1.000 1.000
2.000 2.000 3.000
1.000 2.000 2.000
2.000 1.000 2.000
2.000 2.000 1.000
3.000 3.000 1.000
4.000 1.000 2.000
1.000 2.000 1.000
2.000 1.000 1.000
2.000 1.000 1.000
1.000 1.000 1.000
1.000 1.000 4.000
2.000 1.000 3.000
1.000 3.000 4.000
1.000 2.000 2.000
2.000 1.000 1.000
2.000 2.000 2.000
2.000 1.000 3.000
1.000 3.000 3.000
1.000 1.000 3.000
1.000 1.000 2.000
2.000 2.000 2.000
3.000 3.000 2.000
25.000 15.000 13.000
1.000 5.000 6.000
2.000 2.000 1.000
2.000 2.000 2.000
2.000 1.000 1.000
15.000 8.000 6.000
1.000 1.000 1.000
2.000 1.000 2.000
1.000 3.000 2.000
1.000 2.000 1.000
1.000 1.000 2.000
1.000 2.000 1.000
1.000 1.000 2.000
2.000 1.000 1.000
1.000 1.000 1.000
2.000 1.000 1.000
2.000 1.000 2.000
1.000 1.000 2.000
3.000 1.000 3.000
1.000 1.000 2.000
2.000 1.000 2.000
1.000 2.000 2.000
2.000 1.000 2.000
2.000 1.000 2.000
2.000 1.000 2.000
2.000 2.000 2.000
1.000 1.000 1.000
2.000 2.000 2.000
1.000 1.000 2.000
1.000 2.000 1.000
2.000 2.000 2.000
2.000 2.000 2.000
1.000 1.000 1.000
2.000 2.000 2.000
2.000 2.000 1.000
1.000 2.000 1.000
2.000 2.000 2.000
7.000 13.000 7.000
2.000 2.000 2.000
1.000 1.000 1.000
1.000 1.000 3.000
1.000 1.000 1.000
2.000 2.000 1.000
2.000 1.000 1.000
2.000 5.000 5.000
1.000 1.000 2.000
1.000 2.000 1.000
1.000 1.000 1.000
2.000 2.000 1.000
2.000 2.000 2.000
1.000 1.000 2.000
4.000 1.000 3.000
3.000 12.000 10.000
4.000 4.000 8.000
21.000 15.000 20.000
35.000 13.000 17.000
7.000 11.000 13.000
3.000 2.000 3.000
2.000 2.000 3.000
3.000 5.000 4.000
1.000 2.000 3.000
4.000 2.000 1.000
1.000 3.000 4.000
4.000 3.000 4.000
2.000 1.000 2.000
2.000 2.000 2.000
2.000 1.000 3.000
2.000 2.000 3.000
2.000 2.000 1.000
2.000 2.000 2.000
2.000 1.000 2.000
2.000 1.000 2.000
1.000 2.000 2.000
1.000 2.000 2.000
3.000 4.000 4.000
3.000 7.000 3.000
1.000 1.000 1.000
2.000 1.000 3.000
2.000 2.000 1.000
3.000 3.000 3.000
2.000 1.000 3.000
6.000 4.000 3.000
2.000 2.000 1.000
2.000 1.000 1.000
1.000 2.000 1.000
7.000 28.000 26.000
46.000 8.000 24.000
21.000 6.000 26.000
41.000 4.000 43.000
22.000 42.000 36.000
1.000 2.000 2.000
1.000 2.000 1.000
1.000 1.000 1.000
1.000 4.000 2.000
3.000 2.000 3.000
2.000 2.000 1.000
2.000 2.000 2.000
3.000 2.000 2.000
1.000 1.000 1.000
2.000 1.000 1.000
1.000 4.000 4.000
1.000 2.000 1.000
2.000 1.000 2.000
2.000 1.000 2.000
1.000 1.000 2.000
4.000 3.000 3.000
1.000 2.000 1.000
2.000 1.000 1.000
1.000 1.000 1.000
9.000 2.000 17.000
6.000 5.000 1.000
7.000 13.000 1.000
2.000 1.000 1.000
3.000 2.000 1.000
3.000 3.000 3.000
3.000 1.000 3.000
1.000 2.000 2.000
1.000 1.000 1.000
2.000 1.000 1.000
2.000 3.000 2.000
2.000 1.000 1.000
2.000 2.000 3.000
1.000 2.000 2.000
1.000 2.000 2.000
2.000 2.000 1.000
4.000 4.000 2.000
2.000 2.000 1.000
2.000 2.000 1.000
2.000 2.000 2.000
3.000 1.000 1.000
19.000 4.000 18.000
2.000 1.000 1.000
23.000 21.000 24.000
6.000 9.000 3.000
1.000 1.000 2.000
1.000 3.000 3.000
2.000 2.000 1.000
3.000 3.000 3.000
2.000 1.000 1.000
2.000 2.000 1.000
2.000 3.000 2.000
3.000 2.000 3.000
1.000 2.000 2.000
2.000 2.000 1.000
4.000 4.000 4.000
2.000 2.000 1.000
2.000 2.000 1.000
2.000 2.000 2.000
2.000 1.000 2.000
1.000 1.000 1.000
1.000 2.000 1.000
1.000 1.000 2.000
2.000 1.000 1.000
2.000 2.000 2.000
1.000 2.000 2.000
2.000 1.000 1.000
1.000 4.000 3.000
1.000 1.000 1.000
2.000 1.000 2.000
3.000 3.000 4.000
1.000 2.000 3.000
2.000 1.000 1.000
2.000 2.000 1.000
2.000 2.000 1.000
2.000 2.000 1.000
5.000 4.000 1.000
1.000 2.000 2.000
2.000 1.000 3.000
1.000 2.000 1.000
1.000 2.000 2.000
1.000 1.000 2.000
2.000 2.000 1.000
1.000 2.000 2.000
1.000 2.000 3.000
1.000 1.000 1.000
2.000 1.000 1.000
1.000 2.000 1.000
2.000 2.000 1.000
2.000 2.000 2.000
2.000 2.000 1.000
3.000 1.000 3.000
2.000 2.000 1.000
2.000 2.000 2.000
2.000 3.000 2.000
20.000 7.000 19.000
1.000 1.000 1.000
1.000 1.000 2.000
2.000 2.000 1.000
1.000 1.000 2.000
3.000 3.000 3.000
1.000 1.000 2.000
1.000 1.000 2.000
1.000 1.000 2.000
1.000 2.000 2.000
1.000 1.000 1.000
1.000 1.000 2.000
1.000 2.000 1.000
1.000 1.000 2.000
1.000 1.000 1.000
3.000 2.000 2.000
1.000 1.000 2.000
1.000 2.000 1.000
3.000 3.000 3.000
2.000 2.000 1.000
1.000 1.000 1.000
1.000 2.000 1.000
1.000 1.000 2.000
2.000 1.000 2.000
2.000 1.000 1.000
2.000 1.000 2.000
1.000 3.000 1.000
3.000 3.000 1.000
2.000 3.000 1.000
1.000 1.000 1.000
2.000 2.000 3.000
1.000 1.000 2.000
1.000 1.000 1.000
1.000 2.000 2.000
2.000 1.000 2.000
2.000 1.000 2.000
1.000 1.000 2.000
1.000 1.000 1.000
2.000 1.000 1.000
1.000 2.000 2.000
1.000 1.000 1.000
1.000 1.000 1.000
2.000 1.000 1.000
2.000 2.000 2.000
1.000 1.000 2.000
28.000 13.000 5.000
1.000 1.000 2.000
1.000 1.000 1.000
2.000 1.000 1.000
2.000 2.000 4.000
2.000 1.000 1.000
1.000 1.000 2.000
1.000 1.000 2.000
2.000 1.000 1.000
1.000 2.000 2.000
1.000 1.000 2.000
1.000 1.000 2.000
1.000 2.000 2.000
1.000 2.000 2.000
3.000 3.000 1.000
2.000 2.000 2.000
1.000 1.000 1.000
1.000 1.000 2.000
3.000 1.000 2.000
2.000 2.000 1.000
1.000 1.000 1.000
1.000 2.000 1.000
2.000 2.000 2.000
2.000 2.000 1.000
2.000 1.000 1.000
1.000 1.000 2.000
1.000 1.000 1.000
1.000 2.000 2.000
2.000 1.000 2.000
1.000 2.000 2.000
3.000 2.000 3.000
2.000 2.000 2.000
2.000 1.000 2.000
2.000 1.000 2.000
1.000 2.000 2.000
2.000 2.000 2.000
2.000 3.000 3.000
2.000 1.000 2.000
4.000 2.000 1.000
1.000 2.000 2.000
1.000 1.000 2.000
2.000 1.000 1.000
1.000 1.000 1.000
2.000 2.000 1.000
1.000 1.000 1.000
2.000 1.000 2.000
1.000 1.000 2.000
1.000 2.000 3.000
1.000 2.000 2.000
2.000 2.000 2.000
1.000 2.000 1.000
1.000 1.000 2.000
2.000 2.000 2.000
2.000 4.000 2.000
1.000 2.000 1.000
2.000 2.000 1.000
2.000 1.000 1.000
2.000 2.000 2.000
2.000 2.000 1.000
3.000 3.000 3.000
1.000 1.000 4.000
2.000 1.000 1.000
1.000 1.000 2.000
1.000 1.000 1.000
1.000 1.000 2.000
4.000 4.000 3.000
2.000 1.000 1.000
5.000 5.000 1.000
8.000 11.000 2.000
33.000 37.000 32.000
1.000 2.000 2.000
8.000 4.000 7.000
5.000 5.000 3.000
4.000 7.000 5.000
4.000 20.000 11.000
4.000 10.000 11.000
25.000 22.000 18.000
2.000 2.000 2.000
2.000 3.000 1.000
3.000 1.000 3.000
2.000 4.000 2.000
5.000 9.000 4.000
6.000 8.000 9.000
7.000 10.000 7.000
1.000 2.000 2.000
1.000 2.000 2.000
1.000 2.000 1.000
1.000 1.000 1.000
1.000 2.000 2.000
2.000 1.000 2.000
4.000 1.000 3.000
2.000 2.000 1.000
2.000 2.000 2.000
2.000 1.000 2.000
1.000 1.000 2.000
1.000 1.000 1.000
1.000 2.000 1.000
2.000 2.000 1.000
2.000 3.000 2.000
5.000 15.000 3.000
9.000 7.000 7.000
5.000 2.000 1.000
1.000 3.000 3.000
27.000 16.000 12.000
2.000 1.000 1.000
4.000 1.000 4.000
5.000 6.000 6.000
1.000 2.000 2.000
1.000 1.000 1.000
1.000 1.000 2.000
1.000 1.000 2.000
2.000 2.000 1.000
2.000 2.000 1.000
1.000 2.000 1.000
1.000 3.000 3.000
1.000 1.000 2.000
2.000 1.000 2.000
1.000 1.000 2.000
1.000 3.000 3.000
1.000 2.000 2.000
3.000 2.000 2.000
1.000 1.000 1.000
2.000 1.000 2.000
2.000 1.000 3.000
1.000 2.000 2.000
2.000 1.000 1.000
1.000 1.000 1.000
9.000 1.000 8.000
5.000 14.000 1.000
1.000 1.000 2.000
1.000 3.000 1.000
1.000 2.000 1.000
2.000 2.000 3.000
3.000 1.000 2.000
1.000 1.000 2.000
2.000 1.000 3.000
3.000 3.000 3.000
2.000 1.000 2.000
2.000 2.000 2.000
2.000 2.000 3.000
3.000 1.000 1.000
1.000 5.000 1.000
36.000 36.000 9.000
6.000 9.000 10.000
4.000 4.000 2.000
1.000 1.000 1.000
2.000 2.000 2.000
1.000 2.000 2.000
2.000 1.000 1.000
5.000 4.000 5.000
7.000 11.000 8.000
3.000 2.000 2.000
3.000 6.000 3.000
2.000 2.000 1.000
1.000 1.000 2.000
2.000 1.000 3.000
1.000 2.000 1.000
2.000 1.000 5.000
2.000 2.000 1.000
2.000 2.000 1.000
1.000 2.000 1.000
1.000 2.000 1.000
1.000 2.000 2.000
2.000 2.000 2.000
2.000 1.000 4.000
3.000 1.000 3.000
2.000 1.000 2.000
1.000 2.000 2.000
1.000 1.000 1.000
1.000 2.000 1.000
1.000 1.000 1.000
1.000 1.000 2.000
1.000 3.000 1.000
3.000 6.000 2.000
8.000 5.000 7.000
1.000 1.000 2.000
1.000 1.000 2.000
2.000 1.000 1.000
4.000 1.000 3.000
2.000 1.000 1.000
2.000 2.000 1.000
2.000 2.000 1.000
2.000 1.000 1.000
1.000 3.000 4.000
1.000 2.000 1.000
1.000 2.000 1.000
1.000 2.000 1.000
2.000 2.000 2.000
4.000 4.000 4.000
1.000 2.000 1.000
1.000 2.000 2.000
2.000 2.000 1.000
2.000 1.000 1.000
1.000 1.000 1.000
3.000 1.000 2.000
1.000 1.000 2.000
4.000 5.000 4.000
2.000 2.000 2.000
2.000 3.000 1.000
1.000 2.000 2.000
2.000 1.000 2.000
2.000 1.000 1.000
1.000 1.000 1.000
2.000 2.000 2.000
2.000 1.000 2.000
1.000 1.000 1.000
2.000 2.000 2.000
2.000 1.000 2.000
17.000 5.000 17.000
11.000 9.000 7.000
2.000 2.000 1.000
2.000 2.000 1.000
1.000 1.000 1.000
3.000 5.000 4.000
1.000 2.000 1.000
2.000 1.000 3.000
2.000 1.000 1.000
1.000 4.000 2.000
2.000 2.000 1.000
2.000 1.000 1.000
6.000 5.000 3.000
5.000 4.000 2.000
2.000 2.000 2.000
4.000 6.000 6.000
5.000 2.000 3.000
1.000 2.000 3.000
4.000 1.000 5.000
2.000 7.000 1.000
1.000 2.000 3.000
1.000 2.000 1.000
2.000 4.000 1.000
1.000 2.000 1.000
2.000 1.000 1.000
4.000 1.000 3.000
1.000 1.000 1.000
4.000 3.000 2.000
3.000 3.000 2.000
6.000 3.000 1.000
1.000 2.000 2.000
1.000 1.000 1.000
4.000 2.000 5.000
1.000 1.000 1.000
2.000 2.000 2.000
2.000 1.000 2.000
1.000 4.000 1.000
2.000 2.000 2.000
1.000 1.000 1.000
3.000 2.000 2.000
2.000 2.000 1.000
1.000 1.000 2.000
1.000 1.000 2.000
2.000 1.000 1.000
1.000 2.000 2.000
3.000 1.000 3.000
2.000 2.000 1.000
2.000 1.000 3.000
2.000 2.000 2.000
1.000 1.000 1.000
2.000 1.000 2.000
2.000 2.000 1.000
2.000 2.000 2.000
2.000 2.000 1.000
2.000 1.000 1.000
2.000 2.000 2.000
2.000 1.000 1.000
2.000 2.000 1.000
3.000 3.000 2.000
1.000 2.000 2.000
1.000 2.000 2.000
2.000 2.000 1.000
2.000 1.000 1.000
2.000 2.000 2.000
2.000 2.000 2.000
1.000 2.000 3.000
1.000 3.000 2.000
1.000 1.000 1.000
1.000 2.000 2.000
16.000 42.000 8.000
12.000 9.000 6.000
1.000 3.000 2.000
2.000 2.000 2.000
1.000 1.000 2.000
2.000 2.000 1.000
1.000 2.000 2.000
1.000 2.000 2.000
1.000 2.000 2.000
2.000 1.000 1.000
1.000 1.000 2.000
2.000 3.000 2.000
2.000 1.000 2.000
1.000 1.000 1.000
2.000 1.000 2.000
2.000 2.000 2.000
1.000 1.000 2.000
1.000 3.000 2.000
2.000 1.000 1.000
1.000 2.000 2.000
1.000 2.000 2.000
1.000 1.000 1.000
1.000 2.000 1.000
2.000 1.000 2.000
2.000 1.000 2.000
1.000 2.000 2.000
1.000 1.000 1.000
2.000 1.000 2.000
4.000 5.000 1.000
14.000 2.000 8.000
18.000 38.000 7.000
1.000 2.000 2.000
2.000 1.000 1.000
2.000 2.000 1.000
1.000 1.000 3.000
1.000 2.000 2.000
1.000 1.000 1.000
2.000 2.000 3.000
1.000 2.000 2.000
2.000 1.000 2.000
1.000 3.000 1.000
2.000 3.000 1.000
2.000 2.000 1.000
1.000 2.000 2.000
2.000 1.000 2.000
1.000 2.000 2.000
1.000 1.000 1.000
2.000 2.000 2.000
1.000 2.000 3.000
2.000 1.000 1.000
2.000 2.000 2.000
1.000 2.000 1.000
2.000 1.000 1.000
2.000 1.000 2.000
1.000 1.000 1.000
2.000 2.000 1.000
6.000 6.000 6.000
1.000 2.000 2.000
2.000 1.000 1.000
1.000 2.000 1.000
2.000 2.000 1.000
2.000 1.000 1.000
2.000 2.000 2.000
1.000 2.000 1.000
2.000 1.000 1.000
4.000 5.000 5.000
2.000 1.000 1.000
3.000 2.000 3.000
2.000 2.000 1.000
2.000 2.000 1.000
2.000 1.000 2.000
2.000 2.000 2.000
2.000 1.000 1.000
1.000 2.000 1.000
2.000 1.000 2.000
1.000 1.000 2.000
1.000 1.000 1.000
1.000 1.000 1.000
1.000 1.000 1.000
2.000 2.000 2.000
2.000 1.000 1.000
1.000 1.000 2.000
2.000 2.000 2.000
6.000 8.000 4.000
28.000 2.000 28.000
6.000 18.000 6.000
14.000 22.000 22.000
9.000 17.000 11.000
24.000 4.000 18.000
2.000 3.000 2.000
2.000 2.000 1.000
1.000 1.000 1.000
1.000 1.000 1.000
5.000 5.000 1.000
2.000 2.000 1.000
1.000 2.000 2.000
1.000 2.000 2.000
1.000 2.000 2.000
1.000 2.000 1.000
1.000 1.000 2.000
1.000 2.000 1.000
1.000 2.000 1.000
1.000 1.000 1.000
1.000 2.000 2.000
1.000 1.000 1.000
1.000 2.000 2.000
1.000 2.000 2.000
2.000 1.000 1.000
1.000 2.000 2.000
2.000 1.000 2.000
1.000 1.000 2.000
1.000 2.000 2.000
1.000 3.000 1.000
1.000 2.000 1.000
1.000 2.000 2.000
1.000 1.000 2.000
8.000 3.000 6.000
13.000 3.000 5.000
2.000 2.000 2.000
3.000 3.000 1.000
2.000 3.000 1.000
1.000 1.000 2.000
7.000 15.000 6.000
3.000 4.000 2.000
1.000 2.000 2.000
1.000 1.000 1.000
1.000 3.000 3.000
1.000 1.000 2.000
2.000 2.000 1.000
3.000 1.000 3.000
1.000 3.000 4.000
2.000 1.000 1.000
1.000 1.000 2.000
1.000 2.000 1.000
1.000 1.000 3.000
2.000 2.000 2.000
3.000 3.000 2.000
3.000 2.000 3.000
1.000 2.000 2.000
1.000 2.000 2.000
1.000 1.000 1.000
3.000 1.000 2.000
2.000 2.000 2.000
1.000 2.000 1.000
1.000 1.000 1.000
2.000 1.000 1.000
2.000 2.000 2.000
1.000 4.000 3.000
12.000 3.000 5.000
2.000 1.000 2.000
2.000 2.000 2.000
1.000 2.000 1.000
3.000 3.000 2.000
1.000 2.000 2.000
2.000 2.000 2.000
2.000 1.000 2.000
2.000 1.000 1.000
15.000 3.000 6.000
9.000 14.000 15.000
11.000 6.000 8.000
4.000 5.000 6.000
9.000 12.000 9.000
2.000 3.000 1.000
6.000 1.000 6.000
1.000 10.000 10.000
2.000 16.000 9.000
1.000 2.000 1.000
4.000 4.000 2.000
2.000 2.000 1.000
1.000 1.000 1.000
1.000 1.000 2.000
3.000 3.000 2.000
1.000 1.000 1.000
1.000 2.000 1.000
2.000 1.000 2.000
2.000 2.000 3.000
2.000 2.000 1.000
1.000 2.000 2.000
1.000 1.000 3.000
1.000 1.000 2.000
2.000 2.000 1.000
1.000 2.000 2.000
1.000 1.000 1.000
2.000 1.000 1.000
1.000 1.000 2.000
1.000 1.000 2.000
2.000 2.000 1.000
3.000 3.000 1.000
2.000 1.000 1.000
2.000 2.000 1.000
2.000 3.000 3.000
1.000 2.000 1.000
2.000 3.000 1.000
1.000 1.000 1.000
1.000 1.000 2.000
2.000 1.000 1.000
9.000 1.000 16.000
9.000 5.000 3.000
7.000 6.000 7.000
5.000 5.000 15.000
2.000 1.000 2.000
1.000 2.000 2.000
1.000 2.000 1.000
1.000 2.000 5.000
2.000 1.000 2.000
2.000 3.000 4.000
2.000 2.000 2.000
1.000 1.000 1.000
4.000 2.000 1.000
1.000 2.000 3.000
1.000 2.000 2.000
2.000 2.000 1.000
5.000 5.000 7.000
15.000 21.000 1.000
2.000 5.000 8.000
1.000 1.000 2.000
2.000 2.000 2.000
2.000 2.000 2.000
3.000 2.000 3.000
14.000 6.000 34.000
5.000 3.000 1.000
1.000 1.000 1.000
3.000 2.000 1.000
1.000 3.000 3.000
5.000 4.000 4.000
3.000 3.000 2.000
1.000 2.000 1.000
1.000 1.000 1.000
2.000 2.000 1.000
2.000 2.000 1.000
1.000 1.000 1.000
12.000 6.000 15.000
4.000 3.000 3.000
1.000 1.000 1.000
1.000 1.000 1.000
2.000 1.000 2.000
2.000 1.000 1.000
3.000 2.000 2.000
3.000 1.000 1.000
1.000 2.000 1.000
2.000 1.000 1.000
2.000 1.000 2.000
1.000 2.000 2.000
1.000 1.000 2.000
2.000 2.000 1.000
2.000 1.000 2.000
2.000 2.000 1.000
2.000 1.000 2.000
1.000 1.000 2.000
1.000 1.000 1.000
1.000 2.000 2.000
2.000 1.000 1.000
2.000 2.000 2.000
1.000 2.000 2.000
2.000 2.000 1.000
2.000 1.000 1.000
2.000 2.000 1.000
2.000 1.000 2.000
1.000 1.000 2.000
1.000 1.000 1.000
2.000 1.000 2.000
2.000 1.000 1.000
1.000 2.000 2.000
3.000 3.000 1.000
2.000 1.000 2.000
2.000 2.000 2.000
1.000 1.000 2.000
1.000 2.000 2.000
2.000 2.000 2.000
2.000 1.000 1.000
6.000 16.000 7.000
2.000 1.000 1.000
1.000 2.000 1.000
2.000 1.000 1.000
1.000 1.000 1.000
2.000 2.000 2.000
2.000 2.000 1.000
1.000 1.000 1.000
1.000 1.000 1.000
2.000 1.000 1.000
2.000 1.000 2.000
1.000 1.000 1.000
2.000 2.000 2.000
2.000 2.000 2.000
1.000 1.000 1.000
2.000 1.000 1.000
2.000 1.000 2.000
1.000 1.000 2.000
2.000 2.000 2.000
1.000 1.000 2.000
1.000 1.000 2.000
2.000 1.000 2.000
1.000 4.000 2.000
1.000 1.000 2.000
3.000 3.000 3.000
2.000 2.000 1.000
1.000 1.000 2.000
1.000 1.000 2.000
2.000 2.000 1.000
1.000 2.000 1.000
1.000 2.000 2.000
4.000 3.000 5.000
16.000 4.000 21.000
6.000 9.000 11.000
5.000 13.000 8.000
3.000 3.000 2.000
2.000 2.000 1.000
4.000 1.000 1.000
3.000 1.000 3.000
1.000 2.000 1.000
2.000 2.000 1.000
2.000 2.000 2.000
2.000 2.000 1.000
1.000 1.000 4.000
3.000 2.000 3.000
1.000 1.000 2.000
3.000 2.000 2.000
1.000 1.000 2.000
3.000 4.000 4.000
2.000 1.000 2.000
4.000 2.000 1.000
4.000 3.000 3.000
1.000 2.000 2.000
3.000 1.000 3.000
19.000 13.000 19.000
5.000 2.000 7.000
3.000 3.000 2.000
2.000 2.000 2.000
3.000 2.000 3.000
2.000 1.000 3.000
1.000 1.000 1.000
2.000 2.000 1.000
2.000 2.000 1.000
2.000 2.000 2.000
2.000 2.000 3.000
3.000 4.000 2.000
1.000 1.000 1.000
1.000 1.000 1.000
4.000 4.000 7.000
6.000 5.000 3.000
1.000 4.000 5.000
2.000 1.000 3.000
1.000 2.000 2.000
1.000 2.000 1.000
2.000 2.000 2.000
3.000 1.000 2.000
2.000 2.000 1.000
3.000 2.000 3.000
3.000 3.000 5.000
3.000 5.000 2.000
2.000 2.000 2.000
1.000 1.000 2.000
3.000 8.000 2.000
1.000 2.000 2.000
2.000 2.000 1.000
1.000 1.000 1.000
1.000 2.000 1.000
2.000 1.000 2.000
1.000 1.000 1.000
2.000 1.000 1.000
8.000 7.000 7.000
2.000 6.000 10.000
1.000 2.000 2.000
1.000 1.000 1.000
3.000 3.000 3.000
1.000 1.000 1.000
2.000 1.000 1.000
1.000 2.000 2.000
2.000 2.000 1.000
1.000 2.000 1.000
2.000 1.000 4.000
1.000 1.000 3.000
1.000 2.000 1.000
2.000 2.000 1.000
1.000 2.000 1.000
2.000 2.000 1.000
2.000 2.000 2.000
1.000 1.000 1.000
2.000 1.000 1.000
2.000 2.000 2.000
1.000 1.000 2.000
1.000 2.000 2.000
7.000 14.000 5.000
1.000 1.000 1.000
3.000 3.000 1.000
2.000 4.000 5.000
2.000 7.000 9.000
1.000 2.000 1.000
1.000 1.000 2.000
1.000 2.000 1.000
2.000 1.000 2.000
2.000 2.000 2.000
1.000 1.000 1.000
2.000 2.000 2.000
1.000 1.000 2.000
2.000 2.000 2.000
2.000 2.000 1.000
2.000 1.000 1.000
1.000 1.000 2.000
13.000 2.000 7.000
21.000 1.000 12.000
8.000 8.000 14.000
1.000 1.000 4.000
5.000 3.000 7.000
2.000 1.000 2.000
1.000 1.000 2.000
1.000 2.000 1.000
2.000 1.000 2.000
1.000 1.000 2.000
7.000 6.000 3.000
1.000 2.000 1.000
2.000 2.000 1.000
2.000 2.000 2.000
1.000 2.000 1.000
2.000 5.000 1.000
1.000 1.000 2.000
2.000 2.000 1.000
1.000 1.000 2.000
2.000 1.000 1.000
2.000 2.000 1.000
2.000 2.000 2.000
2.000 2.000 2.000
1.000 1.000 1.000
2.000 2.000 1.000
1.000 2.000 2.000
1.000 1.000 2.000
2.000 2.000 1.000
2.000 1.000 1.000
2.000 1.000 1.000
2.000 2.000 1.000
1.000 2.000 2.000
2.000 1.000 1.000
2.000 1.000 2.000
1.000 1.000 2.000
1.000 1.000 1.000
3.000 3.000 3.000
25.000 1.000 26.000
2.000 2.000 2.000
2.000 2.000 1.000
2.000 1.000 1.000
4.000 4.000 2.000
2.000 2.000 2.000
2.000 2.000 1.000
1.000 2.000 2.000
2.000 1.000 1.000
2.000 2.000 2.000
2.000 2.000 1.000
1.000 2.000 1.000
2.000 2.000 2.000
1.000 1.000 1.000
2.000 2.000 1.000
1.000 2.000 1.000
2.000 10.000 23.000
16.000 16.000 23.000
7.000 3.000 3.000
1.000 1.000 2.000
2.000 2.000 2.000
1.000 2.000 1.000
2.000 2.000 1.000
2.000 2.000 2.000
1.000 2.000 3.000
1.000 2.000 2.000
3.000 2.000 2.000
2.000 1.000 2.000
1.000 1.000 1.000
3.000 2.000 3.000
2.000 2.000 3.000
2.000 1.000 1.000
1.000 2.000 1.000
3.000 6.000 5.000
4.000 1.000 9.000
1.000 2.000 2.000
1.000 2.000 2.000
1.000 2.000 3.000
3.000 2.000 2.000
6.000 5.000 5.000
2.000 2.000 1.000
2.000 1.000 2.000
1.000 1.000 2.000
1.000 2.000 1.000
1.000 2.000 1.000
2.000 1.000 1.000
1.000 1.000 2.000
2.000 2.000 2.000
1.000 2.000 2.000
1.000 2.000 1.000
2.000 1.000 1.000
1.000 2.000 1.000
2.000 1.000 2.000
2.000 1.000 2.000
5.000 5.000 3.000
2.000 13.000 11.000
2.000 1.000 1.000
1.000 2.000 1.000
2.000 1.000 1.000
2.000 2.000 2.000
1.000 1.000 1.000
2.000 2.000 1.000
2.000 1.000 2.000
2.000 1.000 2.000
2.000 1.000 2.000
1.000 1.000 2.000
2.000 1.000 1.000
2.000 1.000 2.000
22.000 16.000 16.000
4.000 28.000 2.000
3.000 3.000 8.000
1.000 2.000 1.000
2.000 2.000 1.000
3.000 4.000 2.000
2.000 1.000 2.000
2.000 2.000 2.000
1.000 2.000 1.000
2.000 1.000 1.000
1.000 2.000 2.000
2.000 1.000 2.000
2.000 1.000 1.000
1.000 2.000 1.000
1.000 1.000 1.000
1.000 1.000 2.000
2.000 2.000 5.000
1.000 1.000 1.000
2.000 2.000 2.000
2.000 1.000 1.000
2.000 1.000 2.000
1.000 1.000 2.000
2.000 2.000 2.000
1.000 1.000 1.000
2.000 2.000 1.000
2.000 1.000 2.000
1.000 2.000 1.000
1.000 1.000 3.000
1.000 2.000 1.000
3.000 2.000 2.000
1.000 2.000 2.000
1.000 2.000 1.000
1.000 2.000 3.000
1.000 2.000 2.000
2.000 1.000 2.000
1.000 2.000 1.000
2.000 1.000 2.000
1.000 2.000 2.000
2.000 1.000 2.000
1.000 2.000 2.000
3.000 4.000 3.000
2.000 1.000 2.000
1.000 2.000 2.000
4.000 3.000 4.000
1.000 1.000 2.000
1.000 1.000 2.000
4.000 2.000 2.000
2.000 1.000 2.000
2.000 1.000 2.000
2.000 2.000 1.000
2.000 2.000 1.000
2.000 1.000 2.000
1.000 2.000 1.000
2.000 2.000 2.000
2.000 1.000 1.000
1.000 2.000 1.000
1.000 1.000 1.000
2.000 3.000 2.000
2.000 1.000 1.000
1.000 2.000 2.000
2.000 2.000 1.000
2.000 1.000 1.000
2.000 2.000 2.000
2.000 1.000 3.000
1.000 3.000 3.000
3.000 1.000 2.000
2.000 10.000 11.000
4.000 1.000 7.000
2.000 2.000 2.000
1.000 2.000 1.000
2.000 2.000 1.000
4.000 4.000 4.000
2.000 1.000 1.000
2.000 2.000 1.000
1.000 1.000 2.000
2.000 2.000 1.000
2.000 2.000 2.000
2.000 2.000 2.000
4.000 1.000 4.000
11.000 1.000 1.000
1.000 2.000 1.000
2.000 2.000 2.000
2.000 1.000 1.000
2.000 1.000 1.000
1.000 1.000 1.000
1.000 2.000 1.000
2.000 2.000 1.000
1.000 1.000 1.000
7.000 4.000 9.000
2.000 1.000 1.000
2.000 2.000 2.000
2.000 2.000 1.000
2.000 2.000 1.000
2.000 2.000 1.000
2.000 2.000 2.000
1.000 2.000 1.000
1.000 1.000 2.000
2.000 1.000 1.000
3.000 2.000 2.000
11.000 10.000 12.000
3.000 2.000 3.000
1.000 2.000 2.000
2.000 2.000 2.000
2.000 2.000 2.000
2.000 1.000 1.000
1.000 1.000 1.000
3.000 3.000 2.000
2.000 2.000 1.000
2.000 2.000 1.000
1.000 2.000 2.000
2.000 2.000 2.000
2.000 1.000 1.000
2.000 1.000 1.000
2.000 1.000 2.000
2.000 1.000 1.000
4.000 6.000 3.000
1.000 2.000 2.000
2.000 1.000 2.000
1.000 2.000 3.000
2.000 1.000 2.000
31.000 29.000 32.000
3.000 2.000 2.000
1.000 1.000 1.000
2.000 1.000 3.000
1.000 1.000 5.000
3.000 4.000 2.000
2.000 1.000 1.000
1.000 1.000 1.000
2.000 2.000 2.000
3.000 1.000 3.000
1.000 1.000 1.000
2.000 1.000 1.000
2.000 1.000 1.000
2.000 2.000 2.000
2.000 6.000 2.000
2.000 1.000 2.000
2.000 1.000 2.000
1.000 2.000 2.000
1.000 1.000 2.000
1.000 1.000 1.000
2.000 2.000 2.000
3.000 3.000 2.000
1.000 3.000 3.000
2.000 1.000 3.000
3.000 1.000 2.000
2.000 1.000 2.000
1.000 1.000 2.000
1.000 1.000 2.000
2.000 1.000 3.000
2.000 1.000 3.000
2.000 1.000 2.000
2.000 2.000 1.000
1.000 1.000 2.000
1.000 1.000 1.000
1.000 2.000 2.000
1.000 2.000 1.000
2.000 2.000 3.000
2.000 3.000 4.000
1.000 2.000 1.000
3.000 3.000 3.000
1.000 2.000 2.000
1.000 2.000 2.000
1.000 1.000 2.000
1.000 2.000 3.000
1.000 2.000 1.000
1.000 3.000 3.000
1.000 1.000 1.000
1.000 1.000 2.000
3.000 3.000 1.000
2.000 1.000 1.000
1.000 1.000 1.000
2.000 1.000 1.000
1.000 1.000 1.000
2.000 2.000 2.000
2.000 2.000 2.000
2.000 2.000 2.000
2.000 1.000 2.000
1.000 2.000 1.000
2.000 1.000 1.000
2.000 1.000 1.000
13.000 1.000 7.000
17.000 16.000 7.000
3.000 1.000 22.000
36.000 36.000 21.000
17.000 9.000 14.000
1.000 4.000 1.000
2.000 1.000 2.000
1.000 1.000 2.000
1.000 2.000 1.000
1.000 2.000 3.000
2.000 1.000 1.000
1.000 2.000 2.000
2.000 1.000 1.000
2.000 1.000 1.000
2.000 2.000 2.000
2.000 1.000 1.000
11.000 41.000 42.000
1.000 2.000 2.000
2.000 3.000 3.000
1.000 2.000 1.000
1.000 1.000 1.000
1.000 2.000 2.000
1.000 2.000 2.000
3.000 3.000 2.000
1.000 1.000 2.000
2.000 2.000 1.000
1.000 2.000 2.000
2.000 2.000 1.000
2.000 1.000 2.000
2.000 2.000 2.000
1.000 3.000 1.000
1.000 2.000 1.000
1.000 2.000 1.000
1.000 2.000 1.000
14.000 10.000 16.000
22.000 9.000 24.000
3.000 3.000 2.000
2.000 1.000 1.000
3.000 3.000 4.000
2.000 2.000 2.000
1.000 1.000 2.000
3.000 2.000 3.000
2.000 2.000 1.000
1.000 2.000 1.000
1.000 2.000 2.000
1.000 2.000 2.000
1.000 1.000 1.000
1.000 1.000 1.000
1.000 2.000 2.000
3.000 5.000 5.000
1.000 2.000 1.000
3.000 3.000 3.000
2.000 1.000 2.000
2.000 2.000 1.000
1.000 1.000 1.000
2.000 1.000 1.000
3.000 1.000 2.000
1.000 2.000 2.000
2.000 1.000 2.000
2.000 2.000 1.000
7.000 9.000 5.000
1.000 13.000 20.000
3.000 1.000 5.000
6.000 3.000 3.000
2.000 1.000 1.000
2.000 2.000 1.000
2.000 2.000 1.000
1.000 1.000 2.000
2.000 2.000 1.000
3.000 2.000 3.000
2.000 1.000 1.000
2.000 1.000 1.000
2.000 2.000 1.000
2.000 2.000 2.000
1.000 2.000 1.000
1.000 1.000 2.000
1.000 2.000 2.000
1.000 2.000 2.000
1.000 1.000 1.000
2.000 1.000 2.000
1.000 1.000 2.000
1.000 1.000 1.000
2.000 1.000 2.000
2.000 2.000 2.000
2.000 2.000 3.000
2.000 1.000 2.000
1.000 3.000 2.000
1.000 1.000 1.000
3.000 1.000 2.000
2.000 2.000 2.000
1.000 4.000 1.000
1.000 2.000 1.000
2.000 1.000 2.000
1.000 2.000 1.000
1.000 1.000 2.000
4.000 4.000 1.000
1.000 2.000 1.000
2.000 3.000 1.000
17.000 11.000 15.000
6.000 4.000 4.000
2.000 1.000 2.000
2.000 1.000 1.000
1.000 1.000 1.000
2.000 2.000 1.000
2.000 1.000 2.000
1.000 1.000 1.000
1.000 2.000 1.000
2.000 1.000 1.000
2.000 1.000 2.000
1.000 1.000 1.000
3.000 10.000 4.000
19.000 16.000 5.000
5.000 2.000 1.000
6.000 5.000 2.000
2.000 2.000 2.000
1.000 1.000 2.000
2.000 1.000 2.000
2.000 2.000 1.000
1.000 1.000 2.000
2.000 1.000 1.000
1.000 1.000 1.000
2.000 2.000 1.000
1.000 1.000 1.000
2.000 1.000 1.000
1.000 1.000 1.000
1.000 2.000 2.000
2.000 1.000 1.000
2.000 1.000 1.000
1.000 1.000 1.000
2.000 2.000 1.000
2.000 2.000 1.000
1.000 3.000 2.000
1.000 2.000 1.000
1.000 1.000 2.000
1.000 2.000 2.000
1.000 2.000 1.000
2.000 1.000 1.000
1.000 3.000 4.000
2.000 2.000 1.000
1.000 2.000 2.000
2.000 2.000 2.000
2.000 2.000 1.000
1.000 1.000 2.000
1.000 1.000 3.000
2.000 2.000 2.000
2.000 2.000 1.000
1.000 5.000 4.000
4.000 4.000 6.000
14.000 13.000 15.000
2.000 2.000 1.000
2.000 1.000 1.000
1.000 3.000 1.000
1.000 2.000 2.000
1.000 2.000 2.000
1.000 6.000 4.000
3.000 3.000 3.000
1.000 2.000 1.000
3.000 1.000 2.000
1.000 2.000 2.000
3.000 1.000 2.000
1.000 1.000 1.000
1.000 2.000 2.000
3.000 2.000 3.000
2.000 2.000 2.000
5.000 4.000 2.000
2.000 2.000 1.000
2.000 2.000 2.000
3.000 2.000 4.000
3.000 3.000 3.000
2.000 3.000 3.000
1.000 2.000 2.000
1.000 1.000 1.000
1.000 1.000 1.000
4.000 2.000 4.000
2.000 1.000 3.000
1.000 2.000 2.000
2.000 1.000 2.000
2.000 1.000 2.000
2.000 2.000 2.000
4.000 1.000 4.000
1.000 1.000 1.000
1.000 1.000 1.000
3.000 3.000 1.000
2.000 1.000 1.000
2.000 1.000 2.000
2.000 1.000 1.000
1.000 1.000 2.000
4.000 5.000 5.000
2.000 1.000 1.000
4.000 5.000 3.000
2.000 4.000 1.000
2.000 2.000 1.000
2.000 2.000 1.000
1.000 2.000 1.000
1.000 1.000 2.000
3.000 3.000 3.000
3.000 3.000 2.000
1.000 1.000 2.000
1.000 2.000 1.000
2.000 1.000 2.000
2.000 1.000 1.000
2.000 1.000 2.000
2.000 1.000 2.000
1.000 2.000 1.000
1.000 1.000 1.000
1.000 2.000 1.000
1.000 2.000 2.000
2.000 1.000 4.000
1.000 2.000 2.000
2.000 1.000 2.000
3.000 1.000 1.000
2.000 2.000 1.000
1.000 2.000 1.000
3.000 2.000 3.000
2.000 1.000 1.000
1.000 1.000 2.000
7.000 7.000 11.000
2.000 1.000 2.000
2.000 2.000 2.000
2.000 1.000 2.000
2.000 1.000 2.000
3.000 1.000 2.000
2.000 1.000 2.000
13.000 14.000 10.000
1.000 1.000 1.000
2.000 1.000 1.000
1.000 6.000 13.000
1.000 2.000 3.000
1.000 1.000 1.000
2.000 1.000 1.000
1.000 2.000 1.000
1.000 1.000 2.000
2.000 1.000 2.000
1.000 2.000 2.000
1.000 2.000 1.000
2.000 2.000 2.000
2.000 2.000 1.000
2.000 2.000 2.000
2.000 1.000 2.000
2.000 2.000 2.000
2.000 1.000 2.000
1.000 1.000 2.000
2.000 2.000 2.000
3.000 5.000 1.000
1.000 1.000 2.000
1.000 2.000 3.000
1.000 1.000 1.000
2.000 2.000 2.000
1.000 2.000 1.000
5.000 6.000 6.000
1.000 2.000 1.000
2.000 1.000 2.000
2.000 2.000 2.000
2.000 1.000 2.000
3.000 2.000 3.000
1.000 3.000 2.000
1.000 1.000 1.000
1.000 3.000 1.000
4.000 7.000 9.000
6.000 3.000 3.000
4.000 1.000 6.000
2.000 2.000 1.000
2.000 1.000 2.000
2.000 1.000 1.000
2.000 1.000 3.000
4.000 4.000 6.000
1.000 3.000 1.000
2.000 1.000 2.000
2.000 1.000 2.000
1.000 1.000 1.000
3.000 2.000 1.000
4.000 5.000 2.000
3.000 3.000 2.000
4.000 2.000 1.000
2.000 2.000 1.000
2.000 2.000 1.000
3.000 1.000 2.000
1.000 1.000 2.000
2.000 2.000 3.000
3.000 1.000 1.000
2.000 2.000 1.000
1.000 2.000 1.000
1.000 1.000 1.000
2.000 2.000 2.000
1.000 1.000 2.000
2.000 2.000 1.000
1.000 1.000 2.000
1.000 2.000 1.000
1.000 1.000 1.000
1.000 2.000 1.000
2.000 2.000 1.000
1.000 1.000 2.000
2.000 2.000 1.000
2.000 1.000 2.000
1.000 2.000 1.000
1.000 2.000 2.000
2.000 1.000 1.000
1.000 1.000 1.000
2.000 1.000 2.000
1.000 5.000 4.000
3.000 3.000 3.000
2.000 2.000 1.000
1.000 3.000 2.000
2.000 2.000 2.000
2.000 1.000 2.000
2.000 2.000 3.000
2.000 2.000 1.000
6.000 13.000 20.000
8.000 1.000 14.000
1.000 2.000 1.000
1.000 1.000 2.000
2.000 1.000 2.000
2.000 1.000 2.000
1.000 1.000 1.000
3.000 3.000 3.000
2.000 2.000 1.000
1.000 1.000 2.000
2.000 1.000 2.000
1.000 2.000 2.000
1.000 1.000 2.000
2.000 2.000 2.000
2.000 1.000 2.000
1.000 1.000 1.000
1.000 2.000 1.000
1.000 1.000 1.000
1.000 1.000 2.000
2.000 1.000 1.000
3.000 3.000 1.000
2.000 1.000 1.000
1.000 1.000 2.000
1.000 2.000 2.000
1.000 1.000 2.000
3.000 2.000 2.000
1.000 1.000 1.000
9.000 2.000 7.000
1.000 1.000 1.000
1.000 1.000 2.000
1.000 1.000 2.000
1.000 2.000 2.000
2.000 2.000 2.000
1.000 2.000 2.000
2.000 2.000 2.000
1.000 1.000 2.000
3.000 1.000 2.000
3.000 3.000 2.000
1.000 2.000 2.000
2.000 3.000 1.000
1.000 1.000 1.000
2.000 2.000 2.000
2.000 3.000 2.000
1.000 2.000 2.000
1.000 2.000 1.000
9.000 5.000 15.000
34.000 23.000 26.000
28.000 38.000 29.000
2.000 2.000 1.000
4.000 1.000 3.000
5.000 1.000 3.000
3.000 4.000 1.000
2.000 2.000 2.000
1.000 1.000 2.000
2.000 2.000 1.000
3.000 3.000 3.000
5.000 5.000 5.000
3.000 1.000 3.000
2.000 3.000 1.000
1.000 1.000 1.000
6.000 3.000 1.000
1.000 1.000 1.000
2.000 1.000 1.000
2.000 2.000 1.000
2.000 1.000 1.000
1.000 1.000 2.000
2.000 1.000 1.000
1.000 2.000 1.000
2.000 2.000 2.000
2.000 2.000 2.000
1.000 2.000 1.000
2.000 1.000 2.000
2.000 2.000 1.000
1.000 2.000 1.000
1.000 1.000 1.000
2.000 1.000 2.000
1.000 1.000 2.000
2.000 1.000 1.000
2.000 1.000 1.000
2.000 2.000 2.000
1.000 1.000 2.000
2.000 2.000 2.000
1.000 2.000 1.000
1.000 2.000 2.000
5.000 4.000 1.000
1.000 1.000 2.000
2.000 1.000 2.000
1.000 2.000 1.000
1.000 2.000 2.000
2.000 2.000 1.000
1.000 1.000 1.000
1.000 1.000 2.000
1.000 1.000 1.000
1.000 3.000 1.000
1.000 2.000 2.000
1.000 3.000 2.000
2.000 1.000 1.000
1.000 2.000 1.000
1.000 1.000 2.000
2.000 2.000 2.000
1.000 1.000 1.000
2.000 2.000 1.000
1.000 2.000 1.000
2.000 1.000 2.000
2.000 2.000 2.000
2.000 2.000 2.000
2.000 1.000 1.000
2.000 2.000 2.000
3.000 3.000 3.000
2.000 2.000 1.000
1.000 2.000 2.000
3.000 2.000 2.000
2.000 2.000 1.000
1.000 2.000 2.000
3.000 1.000 3.000
2.000 2.000 1.000
2.000 1.000 2.000
2.000 3.000 3.000
3.000 1.000 6.000
3.000 5.000 1.000
2.000 2.000 2.000
1.000 2.000 2.000
3.000 3.000 2.000
2.000 6.000 3.000
2.000 1.000 1.000
1.000 2.000 2.000
1.000 1.000 2.000
2.000 1.000 1.000
1.000 1.000 1.000
2.000 1.000 2.000
2.000 1.000 2.000
2.000 2.000 2.000
2.000 1.000 1.000
1.000 1.000 2.000
2.000 3.000 2.000
2.000 1.000 1.000
2.000 1.000 2.000
2.000 1.000 2.000
2.000 2.000 1.000
2.000 2.000 2.000
1.000 1.000 1.000
2.000 2.000 1.000
2.000 2.000 2.000
1.000 2.000 2.000
2.000 1.000 1.000
2.000 2.000 2.000
2.000 1.000 2.000
2.000 1.000 1.000
2.000 1.000 2.000
3.000 2.000 1.000
1.000 2.000 1.000
2.000 2.000 1.000
1.000 2.000 2.000
2.000 2.000 2.000
1.000 2.000 2.000
1.000 1.000 3.000
1.000 1.000 2.000
2.000 2.000 2.000
1.000 1.000 1.000
3.000 4.000 1.000
1.000 2.000 2.000
1.000 1.000 2.000
2.000 1.000 2.000
2.000 1.000 2.000
6.000 6.000 3.000
4.000 4.000 4.000
3.000 2.000 1.000
2.000 1.000 1.000
4.000 3.000 5.000
5.000 3.000 2.000
2.000 2.000 2.000
1.000 1.000 1.000
3.000 4.000 4.000
1.000 3.000 3.000
3.000 1.000 2.000
1.000 3.000 1.000
3.000 3.000 3.000
2.000 3.000 1.000
2.000 2.000 2.000
3.000 1.000 2.000
1.000 2.000 1.000
2.000 1.000 1.000
2.000 1.000 2.000
2.000 2.000 2.000
2.000 2.000 1.000
2.000 1.000 2.000
2.000 1.000 1.000
1.000 2.000 1.000
2.000 2.000 2.000
1.000 1.000 1.000
2.000 1.000 2.000
4.000 3.000 4.000
1.000 1.000 2.000
1.000 1.000 1.000
2.000 2.000 2.000
1.000 2.000 1.000
2.000 2.000 3.000
2.000 1.000 2.000
1.000 2.000 1.000
2.000 2.000 2.000
1.000 1.000 2.000
1.000 1.000 2.000
4.000 2.000 3.000
1.000 2.000 1.000
1.000 1.000 1.000
2.000 2.000 2.000
2.000 2.000 2.000
1.000 2.000 1.000
5.000 2.000 2.000
1.000 2.000 1.000
1.000 2.000 1.000
2.000 1.000 1.000
1.000 1.000 2.000
1.000 1.000 2.000
6.000 3.000 10.000
1.000 2.000 2.000
1.000 2.000 3.000
3.000 2.000 1.000
1.000 1.000 3.000
2.000 2.000 1.000
3.000 3.000 2.000
4.000 3.000 1.000
2.000 1.000 1.000
2.000 2.000 2.000
2.000 1.000 2.000
1.000 2.000 1.000
1.000 1.000 2.000
1.000 2.000 2.000
1.000 1.000 1.000
2.000 2.000 2.000
1.000 1.000 3.000
1.000 2.000 1.000
2.000 2.000 1.000
1.000 2.000 1.000
2.000 1.000 1.000
2.000 2.000 1.000
2.000 2.000 1.000
1.000 2.000 2.000
2.000 1.000 2.000
2.000 2.000 1.000
2.000 2.000 1.000
2.000 1.000 1.000
1.000 1.000 2.000
2.000 1.000 2.000
1.000 2.000 2.000
2.000 1.000 1.000
1.000 1.000 1.000
2.000 1.000 2.000
2.000 2.000 2.000
2.000 1.000 1.000
1.000 2.000 2.000
1.000 2.000 1.000
2.000 2.000 2.000
3.000 3.000 2.000
2.000 2.000 1.000
24.000 24.000 15.000
1.000 1.000 2.000
2.000 2.000 1.000
2.000 1.000 1.000
3.000 3.000 3.000
2.000 2.000 2.000
2.000 1.000 2.000
1.000 2.000 2.000
1.000 2.000 1.000
3.000 4.000 2.000
1.000 2.000 1.000
2.000 1.000 2.000
1.000 2.000 2.000
2.000 2.000 3.000
2.000 1.000 2.000
1.000 2.000 1.000
2.000 2.000 2.000
2.000 1.000 1.000
2.000 2.000 2.000
3.000 2.000 2.000
2.000 1.000 1.000
2.000 2.000 1.000
1.000 1.000 1.000
2.000 2.000 2.000
2.000 1.000 1.000
2.000 1.000 2.000
2.000 1.000 1.000
1.000 1.000 1.000
1.000 2.000 1.000
2.000 2.000 1.000
2.000 2.000 1.000
1.000 2.000 1.000
2.000 2.000 1.000
1.000 2.000 1.000
2.000 1.000 1.000
1.000 2.000 1.000
2.000 1.000 1.000
2.000 2.000 1.000
1.000 1.000 1.000
2.000 1.000 2.000
1.000 1.000 2.000
2.000 2.000 2.000
2.000 1.000 1.000
3.000 1.000 1.000
1.000 2.000 1.000
2.000 1.000 1.000
1.000 3.000 2.000
1.000 1.000 2.000
2.000 1.000 1.000
3.000 2.000 3.000
1.000 3.000 3.000
2.000 2.000 1.000
1.000 1.000 2.000
2.000 2.000 1.000
1.000 1.000 2.000
2.000 2.000 2.000
2.000 1.000 3.000
4.000 6.000 2.000
1.000 1.000 1.000
1.000 2.000 1.000
2.000 3.000 1.000
1.000 1.000 2.000
1.000 1.000 1.000
3.000 4.000 4.000
2.000 2.000 4.000
2.000 1.000 1.000
1.000 1.000 2.000
1.000 2.000 2.000
1.000 3.000 3.000
1.000 1.000 1.000
1.000 1.000 2.000
2.000 1.000 1.000
1.000 1.000 1.000
1.000 1.000 1.000
1.000 1.000 2.000
1.000 3.000 1.000
2.000 2.000 2.000
2.000 5.000 1.000
2.000 1.000 2.000
2.000 2.000 1.000
1.000 1.000 1.000
2.000 1.000 2.000
4.000 3.000 2.000
2.000 2.000 1.000
1.000 1.000 2.000
1.000 2.000 1.000
1.000 1.000 1.000
1.000 2.000 4.000
1.000 2.000 1.000
1.000 2.000 2.000
1.000 2.000 2.000
2.000 1.000 1.000
2.000 2.000 2.000
1.000 1.000 2.000
1.000 1.000 1.000
2.000 1.000 2.000
2.000 2.000 2.000
1.000 2.000 2.000
1.000 1.000 2.000
2.000 1.000 2.000
2.000 2.000 1.000
2.000 2.000 1.000
2.000 1.000 2.000
2.000 2.000 2.000
8.000 4.000 7.000
1.000 1.000 2.000
4.000 4.000 4.000
1.000 2.000 2.000
2.000 2.000 2.000
1.000 2.000 1.000
3.000 3.000 3.000
1.000 3.000 1.000
1.000 1.000 2.000
2.000 2.000 2.000
3.000 3.000 3.000
2.000 3.000 1.000
2.000 1.000 2.000
2.000 2.000 3.000
1.000 2.000 2.000
2.000 2.000 2.000
1.000 3.000 2.000
1.000 1.000 2.000
1.000 2.000 2.000
2.000 1.000 1.000
1.000 1.000 1.000
1.000 2.000 2.000
2.000 2.000 1.000
1.000 2.000 2.000
3.000 1.000 2.000
2.000 1.000 2.000
2.000 2.000 1.000
2.000 3.000 3.000
1.000 1.000 2.000
2.000 2.000 2.000
1.000 3.000 1.000
1.000 2.000 1.000
2.000 1.000 2.000
2.000 2.000 2.000
2.000 1.000 3.000
1.000 1.000 2.000
2.000 2.000 2.000
1.000 1.000 1.000
1.000 3.000 3.000
2.000 2.000 1.000
2.000 1.000 2.000
2.000 1.000 2.000
2.000 2.000 1.000
1.000 2.000 1.000
2.000 2.000 2.000
1.000 2.000 1.000
1.000 2.000 2.000
1.000 1.000 2.000
1.000 1.000 2.000
1.000 2.000 2.000
2.000 1.000 1.000
1.000 1.000 2.000
2.000 1.000 1.000
2.000 1.000 1.000
2.000 1.000 1.000
1.000 2.000 2.000
1.000 2.000 1.000
1.000 2.000 2.000
1.000 3.000 1.000
1.000 1.000 1.000
2.000 2.000 2.000
1.000 3.000 2.000
1.000 2.000 2.000
3.000 1.000 3.000
1.000 2.000 1.000
2.000 1.000 2.000
1.000 1.000 2.000
1.000 2.000 1.000
2.000 2.000 2.000
1.000 2.000 3.000
2.000 1.000 2.000
1.000 2.000 1.000
1.000 1.000 2.000
1.000 2.000 2.000
1.000 2.000 1.000
1.000 2.000 1.000
7.000 1.000 4.000
8.000 7.000 5.000
1.000 1.000 1.000
2.000 2.000 2.000
2.000 2.000 2.000
2.000 2.000 2.000
2.000 1.000 1.000
1.000 1.000 2.000
3.000 1.000 1.000
2.000 2.000 1.000
1.000 2.000 2.000
2.000 1.000 2.000
2.000 1.000 1.000
1.000 2.000 2.000
2.000 1.000 1.000
1.000 2.000 3.000
4.000 1.000 3.000
1.000 2.000 3.000
2.000 1.000 2.000
1.000 1.000 2.000
1.000 2.000 2.000
1.000 2.000 2.000
2.000 1.000 1.000
2.000 1.000 1.000
2.000 1.000 1.000
1.000 2.000 1.000
2.000 2.000 2.000
2.000 2.000 1.000
1.000 2.000 1.000
1.000 1.000 2.000
1.000 2.000 2.000
2.000 1.000 4.000
1.000 2.000 1.000
2.000 2.000 2.000
1.000 2.000 2.000
2.000 1.000 2.000
2.000 1.000 2.000
2.000 1.000 2.000
2.000 1.000 2.000
1.000 1.000 3.000
2.000 1.000 2.000
3.000 1.000 3.000
1.000 2.000 2.000
2.000 1.000 2.000
2.000 2.000 2.000
2.000 1.000 1.000
2.000 2.000 2.000
2.000 1.000 1.000
2.000 2.000 1.000
1.000 1.000 1.000
1.000 2.000 2.000
2.000 4.000 1.000
1.000 1.000 1.000
1.000 2.000 2.000
1.000 1.000 2.000
1.000 2.000 2.000
1.000 1.000 1.000
2.000 2.000 1.000
1.000 1.000 2.000
2.000 2.000 2.000
1.000 2.000 2.000
1.000 2.000 2.000
1.000 2.000 1.000
1.000 2.000 1.000
2.000 1.000 2.000
1.000 2.000 1.000
2.000 1.000 1.000
1.000 1.000 2.000
3.000 2.000 3.000
2.000 1.000 1.000
1.000 2.000 2.000
2.000 2.000 1.000
2.000 1.000 2.000
1.000 2.000 2.000
2.000 1.000 1.000
1.000 2.000 2.000
2.000 1.000 2.000
1.000 1.000 1.000
2.000 2.000 2.000
2.000 2.000 2.000
1.000 1.000 2.000
1.000 2.000 2.000
1.000 2.000 2.000
2.000 2.000 1.000
2.000 1.000 2.000
2.000 2.000 1.000
1.000 2.000 1.000
2.000 2.000 1.000
1.000 2.000 1.000
2.000 1.000 2.000
1.000 1.000 2.000
4.000 4.000 4.000
2.000 1.000 2.000
2.000 2.000 2.000
1.000 1.000 1.000
1.000 1.000 2.000
1.000 2.000 1.000
2.000 2.000 1.000
2.000 2.000 1.000
10.000 16.000 10.000
1.000 2.000 1.000
1.000 2.000 2.000
1.000 2.000 2.000
2.000 1.000 2.000
2.000 2.000 2.000
2.000 2.000 1.000
1.000 2.000 1.000
7.000 5.000 3.000
14.000 3.000 20.000
2.000 1.000 2.000
1.000 3.000 3.000
1.000 2.000 2.000
7.000 2.000 5.000
1.000 1.000 1.000
1.000 1.000 2.000
2.000 2.000 1.000
1.000 1.000 2.000
2.000 1.000 1.000
1.000 2.000 1.000
1.000 2.000 1.000
2.000 1.000 1.000
1.000 2.000 2.000
2.000 1.000 2.000
1.000 1.000 2.000
2.000 1.000 2.000
2.000 2.000 1.000
2.000 1.000 1.000
2.000 1.000 2.000
2.000 2.000 2.000
2.000 1.000 2.000
2.000 1.000 1.000
2.000 1.000 1.000
2.000 1.000 1.000
2.000 1.000 1.000
1.000 2.000 1.000
1.000 1.000 2.000
1.000 3.000 3.000
1.000 1.000 1.000
2.000 2.000 1.000
2.000 2.000 3.000
1.000 1.000 1.000
3.000 2.000 1.000
2.000 1.000 2.000
2.000 1.000 3.000
1.000 1.000 2.000
1.000 2.000 2.000
1.000 2.000 1.000
2.000 1.000 1.000
2.000 2.000 2.000
1.000 1.000 1.000
1.000 2.000 1.000
2.000 2.000 2.000
2.000 3.000 2.000
1.000 1.000 1.000
1.000 2.000 2.000
1.000 2.000 2.000
2.000 1.000 2.000
1.000 1.000 1.000
1.000 1.000 1.000
2.000 1.000 1.000
1.000 1.000 1.000
2.000 2.000 2.000
2.000 1.000 1.000
2.000 2.000 1.000
2.000 1.000 1.000
1.000 2.000 1.000
2.000 2.000 3.000
2.000 2.000 1.000
2.000 2.000 1.000
2.000 2.000 1.000
1.000 1.000 2.000
2.000 3.000 3.000
2.000 2.000 1.000
2.000 2.000 1.000
2.000 2.000 3.000
2.000 2.000 3.000
3.000 2.000 3.000
2.000 2.000 2.000
1.000 1.000 2.000
1.000 1.000 2.000
2.000 1.000 2.000
2.000 3.000 2.000
2.000 2.000 1.000
1.000 2.000 1.000
1.000 2.000 2.000
1.000 1.000 1.000
2.000 1.000 2.000
1.000 2.000 2.000
2.000 1.000 1.000
1.000 1.000 1.000
1.000 2.000 2.000
1.000 1.000 2.000
2.000 1.000 2.000
2.000 1.000 2.000
3.000 4.000 4.000
2.000 1.000 2.000
2.000 3.000 1.000
1.000 2.000 2.000
2.000 1.000 2.000
2.000 1.000 2.000
2.000 2.000 1.000
2.000 1.000 1.000
1.000 1.000 1.000
2.000 1.000 1.000
2.000 1.000 2.000
1.000 2.000 1.000
1.000 2.000 1.000
1.000 2.000 2.000
3.000 2.000 4.000
2.000 1.000 2.000
1.000 1.000 2.000
2.000 2.000 1.000
1.000 1.000 1.000
2.000 1.000 2.000
20.000 6.000 29.000
1.000 4.000 3.000
1.000 2.000 2.000
2.000 1.000 2.000
1.000 2.000 2.000
2.000 2.000 1.000
1.000 1.000 1.000
1.000 2.000 2.000
2.000 2.000 1.000
2.000 2.000 1.000
1.000 2.000 1.000
1.000 2.000 3.000
2.000 1.000 1.000
11.000 18.000 4.000
14.000 15.000 12.000
1.000 1.000 2.000
2.000 1.000 2.000
1.000 2.000 2.000
2.000 2.000 1.000
1.000 1.000 1.000
2.000 1.000 1.000
2.000 1.000 2.000
1.000 1.000 2.000
2.000 1.000 2.000
2.000 1.000 1.000
2.000 1.000 1.000
1.000 1.000 2.000
2.000 2.000 1.000
2.000 2.000 2.000
3.000 6.000 5.000
4.000 3.000 1.000
2.000 2.000 2.000
1.000 2.000 2.000
2.000 1.000 1.000
2.000 1.000 3.000
1.000 1.000 2.000
4.000 4.000 3.000
2.000 1.000 1.000
2.000 1.000 2.000
1.000 1.000 2.000
1.000 2.000 1.000
2.000 1.000 2.000
1.000 2.000 2.000
2.000 1.000 1.000
1.000 1.000 2.000
1.000 1.000 1.000
1.000 2.000 2.000
1.000 1.000 1.000
2.000 1.000 2.000
1.000 1.000 1.000
1.000 2.000 3.000
1.000 2.000 1.000
1.000 2.000 1.000
2.000 1.000 1.000
2.000 2.000 2.000
2.000 2.000 2.000
1.000 2.000 2.000
1.000 2.000 1.000
2.000 2.000 2.000
3.000 1.000 3.000
2.000 1.000 1.000
1.000 2.000 1.000
2.000 2.000 2.000
2.000 2.000 1.000
1.000 2.000 2.000
1.000 1.000 1.000
1.000 2.000 1.000
1.000 1.000 2.000
1.000 1.000 1.000
2.000 1.000 2.000
2.000 1.000 1.000
1.000 2.000 1.000
1.000 2.000 2.000
2.000 2.000 2.000
2.000 2.000 1.000
19.000 12.000 17.000
3.000 3.000 3.000
1.000 3.000 2.000
1.000 2.000 2.000
2.000 2.000 2.000
1.000 14.000 5.000
4.000 3.000 3.000
1.000 2.000 2.000
1.000 1.000 2.000
3.000 1.000 4.000
1.000 2.000 2.000
1.000 1.000 2.000
1.000 2.000 1.000
3.000 3.000 2.000
1.000 2.000 2.000
2.000 1.000 2.000
1.000 2.000 2.000
1.000 2.000 1.000
2.000 1.000 2.000
2.000 2.000 2.000
2.000 1.000 1.000
1.000 2.000 1.000
5.000 1.000 5.000
1.000 2.000 2.000
3.000 1.000 3.000
2.000 1.000 2.000
2.000 2.000 2.000
2.000 2.000 2.000
1.000 3.000 11.000
1.000 2.000 2.000
1.000 2.000 2.000
2.000 2.000 1.000
1.000 1.000 1.000
1.000 1.000 2.000
1.000 2.000 1.000
2.000 1.000 2.000
2.000 1.000 1.000
1.000 3.000 3.000
2.000 2.000 1.000
1.000 1.000 2.000
1.000 1.000 1.000
1.000 1.000 1.000
2.000 2.000 2.000
1.000 2.000 2.000
2.000 2.000 1.000
1.000 3.000 3.000
2.000 1.000 2.000
2.000 1.000 1.000
1.000 1.000 1.000
2.000 1.000 2.000
2.000 2.000 1.000
1.000 1.000 1.000
1.000 2.000 2.000
8.000 2.000 8.000
2.000 2.000 2.000
2.000 3.000 3.000
1.000 1.000 1.000
3.000 2.000 3.000
2.000 1.000 1.000
1.000 1.000 2.000
2.000 1.000 1.000
1.000 2.000 2.000
2.000 1.000 2.000
1.000 1.000 1.000
1.000 1.000 2.000
2.000 1.000 2.000
3.000 2.000 4.000
1.000 1.000 1.000
2.000 1.000 2.000
16.000 5.000 4.000
2.000 9.000 4.000
1.000 2.000 3.000
2.000 2.000 1.000
1.000 1.000 1.000
1.000 2.000 2.000
2.000 1.000 1.000
2.000 2.000 1.000
2.000 1.000 1.000
1.000 1.000 1.000
1.000 1.000 2.000
2.000 1.000 1.000
2.000 2.000 2.000
1.000 1.000 2.000
3.000 3.000 2.000
1.000 2.000 2.000
2.000 3.000 3.000
2.000 3.000 2.000
1.000 2.000 1.000
2.000 2.000 1.000
2.000 1.000 2.000
2.000 2.000 1.000
2.000 2.000 1.000
1.000 2.000 1.000
15.000 1.000 26.000
2.000 1.000 1.000
3.000 3.000 3.000
3.000 3.000 1.000
2.000 2.000 1.000
1.000 1.000 2.000
7.000 7.000 5.000
2.000 1.000 2.000
4.000 2.000 3.000
1.000 1.000 1.000
1.000 2.000 2.000
1.000 1.000 1.000
2.000 1.000 3.000
2.000 1.000 1.000
2.000 1.000 1.000
2.000 2.000 1.000
3.000 2.000 2.000
1.000 1.000 1.000
1.000 2.000 1.000
3.000 10.000 4.000
2.000 2.000 2.000
1.000 1.000 1.000
1.000 2.000 2.000
2.000 1.000 2.000
2.000 2.000 1.000
2.000 2.000 2.000
2.000 1.000 1.000
1.000 2.000 1.000
2.000 1.000 1.000
1.000 1.000 1.000
1.000 2.000 1.000
1.000 2.000 2.000
16.000 6.000 2.000
2.000 1.000 1.000
2.000 2.000 1.000
1.000 2.000 2.000
2.000 1.000 2.000
1.000 1.000 1.000
1.000 2.000 2.000
2.000 1.000 1.000
1.000 1.000 1.000
1.000 2.000 2.000
2.000 2.000 1.000
2.000 2.000 2.000
1.000 2.000 2.000
1.000 1.000 2.000
2.000 2.000 1.000
1.000 1.000 2.000
1.000 2.000 2.000
2.000 1.000 2.000
1.000 2.000 1.000
2.000 2.000 1.000
2.000 1.000 1.000
2.000 1.000 2.000
1.000 2.000 2.000
1.000 1.000 2.000
2.000 2.000 1.000
2.000 2.000 1.000
1.000 1.000 2.000
2.000 2.000 2.000
1.000 2.000 2.000
1.000 1.000 1.000
1.000 2.000 1.000
3.000 2.000 1.000
2.000 2.000 1.000
2.000 2.000 2.000
1.000 2.000 1.000
1.000 1.000 2.000
1.000 2.000 2.000
2.000 1.000 2.000
1.000 2.000 1.000
1.000 2.000 1.000
2.000 1.000 2.000
1.000 1.000 1.000
2.000 2.000 1.000
2.000 1.000 2.000
1.000 1.000 2.000
1.000 2.000 2.000
2.000 2.000 2.000
1.000 1.000 2.000
1.000 2.000 1.000
1.000 1.000 2.000
2.000 2.000 2.000
1.000 2.000 2.000
2.000 1.000 3.000
2.000 1.000 2.000
1.000 1.000 1.000
1.000 1.000 1.000
1.000 1.000 2.000
1.000 2.000 1.000
2.000 1.000 1.000
1.000 2.000 2.000
1.000 1.000 2.000
1.000 2.000 2.000
1.000 2.000 1.000
13.000 3.000 4.000
2.000 1.000 2.000
2.000 2.000 2.000
2.000 2.000 2.000
2.000 1.000 1.000
2.000 1.000 2.000
1.000 2.000 1.000
1.000 1.000 1.000
1.000 1.000 1.000
2.000 2.000 1.000
1.000 1.000 1.000
1.000 5.000 4.000
1.000 1.000 1.000
2.000 3.000 3.000
1.000 1.000 2.000
1.000 2.000 2.000
1.000 1.000 1.000
2.000 1.000 1.000
1.000 2.000 2.000
2.000 1.000 2.000
2.000 2.000 1.000
1.000 2.000 2.000
1.000 1.000 1.000
2.000 1.000 1.000
1.000 1.000 2.000
1.000 2.000 2.000
1.000 1.000 2.000
2.000 1.000 1.000
1.000 1.000 1.000
2.000 1.000 2.000
3.000 3.000 3.000
2.000 1.000 1.000
2.000 1.000 2.000
3.000 1.000 1.000
1.000 2.000 2.000
2.000 2.000 2.000
1.000 1.000 1.000
2.000 2.000 1.000
1.000 1.000 3.000
2.000 2.000 1.000
1.000 1.000 2.000
1.000 1.000 2.000
2.000 2.000 2.000
4.000 4.000 2.000
2.000 1.000 2.000
1.000 1.000 1.000
1.000 1.000 2.000
1.000 1.000 2.000
1.000 1.000 2.000
1.000 2.000 1.000
1.000 2.000 2.000
2.000 1.000 2.000
2.000 2.000 1.000
2.000 2.000 2.000
3.000 3.000 1.000
1.000 1.000 1.000
1.000 1.000 3.000
1.000 2.000 2.000
2.000 2.000 2.000
2.000 1.000 1.000
1.000 1.000 2.000
1.000 1.000 2.000
2.000 1.000 2.000
1.000 2.000 1.000
1.000 1.000 2.000
2.000 1.000 2.000
1.000 2.000 2.000
1.000 1.000 1.000
2.000 1.000 2.000
1.000 2.000 1.000
2.000 2.000 2.000
2.000 1.000 1.000
1.000 2.000 1.000
1.000 1.000 1.000
1.000 1.000 2.000
1.000 2.000 1.000
1.000 2.000 2.000
2.000 1.000 1.000
2.000 1.000 1.000
1.000 2.000 2.000
1.000 1.000 2.000
1.000 1.000 2.000
2.000 2.000 1.000
1.000 2.000 1.000
1.000 2.000 2.000
2.000 1.000 2.000
1.000 2.000 2.000
2.000 2.000 2.000
1.000 1.000 1.000
1.000 2.000 2.000
1.000 1.000 1.000
2.000 2.000 2.000
1.000 2.000 2.000
2.000 1.000 1.000
2.000 3.000 2.000
2.000 1.000 2.000
1.000 1.000 1.000
1.000 1.000 1.000
3.000 3.000 2.000
1.000 2.000 2.000
1.000 1.000 2.000
2.000 1.000 1.000
2.000 2.000 2.000
1.000 1.000 2.000
1.000 1.000 2.000
14.000 13.000 13.000
7.000 2.000 5.000
2.000 8.000 7.000
1.000 2.000 1.000
1.000 2.000 2.000
1.000 1.000 2.000
1.000 1.000 1.000
2.000 2.000 1.000
1.000 1.000 1.000
2.000 1.000 2.000
1.000 2.000 1.000
2.000 2.000 1.000
2.000 1.000 1.000
2.000 2.000 2.000
2.000 1.000 2.000
2.000 2.000 1.000
4.000 4.000 1.000
2.000 2.000 2.000
1.000 2.000 2.000
1.000 2.000 1.000
2.000 2.000 2.000
1.000 2.000 1.000
1.000 1.000 1.000
2.000 1.000 1.000
1.000 1.000 1.000
2.000 2.000 2.000
1.000 2.000 2.000
1.000 2.000 1.000
1.000 2.000 1.000
2.000 2.000 1.000
2.000 2.000 1.000
2.000 2.000 1.000
1.000 1.000 1.000
2.000 2.000 2.000
1.000 1.000 2.000
1.000 1.000 2.000
3.000 3.000 3.000
1.000 2.000 1.000
1.000 1.000 1.000
2.000 1.000 1.000
3.000 1.000 1.000
2.000 2.000 3.000
2.000 2.000 1.000
1.000 2.000 2.000
1.000 2.000 1.000
1.000 1.000 2.000
2.000 1.000 3.000
1.000 1.000 1.000
2.000 2.000 3.000
2.000 1.000 2.000
1.000 1.000 2.000
1.000 1.000 1.000
2.000 2.000 2.000
1.000 2.000 1.000
2.000 1.000 2.000
1.000 3.000 1.000
2.000 2.000 2.000
1.000 1.000 2.000
2.000 2.000 1.000
1.000 2.000 2.000
1.000 1.000 2.000
6.000 10.000 11.000
2.000 1.000 1.000
2.000 1.000 1.000
1.000 2.000 2.000
2.000 1.000 2.000
1.000 2.000 2.000
2.000 1.000 2.000
1.000 1.000 2.000
1.000 1.000 1.000
1.000 2.000 2.000
1.000 2.000 1.000
1.000 2.000 1.000
1.000 1.000 2.000
2.000 2.000 2.000
2.000 1.000 2.000
1.000 1.000 2.000
1.000 2.000 2.000
2.000 2.000 1.000
1.000 1.000 2.000
2.000 1.000 1.000
1.000 2.000 1.000
1.000 1.000 2.000
2.000 2.000 1.000
1.000 2.000 1.000
1.000 2.000 2.000
2.000 2.000 2.000
2.000 1.000 1.000
2.000 2.000 1.000
3.000 2.000 2.000
1.000 2.000 2.000
1.000 1.000 2.000
1.000 1.000 1.000
2.000 2.000 2.000
1.000 2.000 1.000
1.000 1.000 2.000
2.000 1.000 1.000
1.000 2.000 1.000
2.000 1.000 1.000
2.000 2.000 1.000
1.000 2.000 2.000
1.000 1.000 2.000
1.000 1.000 1.000
1.000 1.000 1.000
1.000 2.000 1.000
1.000 2.000 2.000
2.000 1.000 2.000
2.000 2.000 1.000
1.000 2.000 1.000
1.000 2.000 2.000
3.000 4.000 4.000
1.000 2.000 1.000
1.000 1.000 1.000
1.000 1.000 2.000
2.000 2.000 3.000
1.000 2.000 2.000
2.000 2.000 2.000
2.000 2.000 1.000
2.000 1.000 2.000
1.000 2.000 2.000
2.000 2.000 2.000
1.000 2.000 1.000
1.000 3.000 3.000
2.000 1.000 1.000
2.000 2.000 1.000
2.000 1.000 1.000
1.000 1.000 2.000
1.000 2.000 1.000
1.000 1.000 2.000
4.000 6.000 2.000
3.000 2.000 2.000
2.000 2.000 1.000
1.000 1.000 1.000
1.000 1.000 1.000
1.000 1.000 2.000
1.000 1.000 1.000
2.000 1.000 2.000
2.000 1.000 4.000
1.000 1.000 2.000
1.000 2.000 2.000
2.000 1.000 2.000
1.000 2.000 2.000
1.000 2.000 1.000
1.000 1.000 2.000
1.000 1.000 1.000
2.000 2.000 1.000
1.000 1.000 2.000
1.000 1.000 3.000
1.000 2.000 1.000
1.000 2.000 1.000
1.000 2.000 2.000
1.000 1.000 2.000
1.000 1.000 1.000
1.000 1.000 2.000
2.000 2.000 2.000
1.000 1.000 1.000
1.000 1.000 1.000
1.000 1.000 2.000
1.000 1.000 2.000
2.000 2.000 2.000
2.000 1.000 2.000
2.000 1.000 2.000
2.000 1.000 2.000
1.000 2.000 2.000
2.000 1.000 1.000
2.000 1.000 1.000
1.000 1.000 1.000
2.000 2.000 2.000
2.000 2.000 1.000
2.000 1.000 1.000
2.000 2.000 1.000
2.000 1.000 2.000
1.000 1.000 1.000
1.000 2.000 1.000
1.000 2.000 1.000
2.000 1.000 1.000
1.000 1.000 2.000
1.000 1.000 2.000
1.000 1.000 2.000
1.000 2.000 1.000
1.000 1.000 2.000
1.000 1.000 2.000
1.000 1.000 2.000
1.000 2.000 1.000
1.000 1.000 1.000
1.000 2.000 2.000
3.000 2.000 4.000
2.000 2.000 2.000
1.000 2.000 2.000
1.000 2.000 1.000
2.000 1.000 2.000
1.000 2.000 1.000
2.000 1.000 1.000
2.000 1.000 1.000
1.000 1.000 2.000
2.000 2.000 2.000
2.000 2.000 2.000
1.000 2.000 2.000
9.000 16.000 9.000
2.000 1.000 2.000
1.000 2.000 2.000
2.000 2.000 2.000
2.000 2.000 2.000
1.000 2.000 1.000
2.000 2.000 1.000
1.000 1.000 2.000
1.000 1.000 1.000
1.000 1.000 2.000
1.000 1.000 1.000
1.000 1.000 1.000
1.000 2.000 1.000
1.000 2.000 1.000
2.000 2.000 1.000
1.000 2.000 1.000
1.000 1.000 1.000
1.000 1.000 1.000
2.000 2.000 1.000
1.000 1.000 1.000
1.000 1.000 1.000
2.000 2.000 2.000
2.000 2.000 1.000
2.000 2.000 1.000
2.000 1.000 1.000
3.000 2.000 1.000
2.000 2.000 2.000
1.000 2.000 1.000
2.000 1.000 2.000
2.000 2.000 2.000
2.000 2.000 2.000
2.000 1.000 2.000
1.000 1.000 1.000
2.000 2.000 1.000
1.000 1.000 1.000
2.000 1.000 2.000
1.000 1.000 1.000
3.000 3.000 1.000
2.000 1.000 2.000
1.000 1.000 2.000
1.000 1.000 2.000
2.000 2.000 2.000
1.000 2.000 1.000
1.000 1.000 2.000
1.000 2.000 2.000
2.000 2.000 2.000
1.000 1.000 1.000
2.000 3.000 1.000
2.000 2.000 1.000
2.000 2.000 1.000
1.000 2.000 2.000
2.000 1.000 2.000
1.000 2.000 2.000
1.000 2.000 1.000
2.000 1.000 2.000
3.000 1.000 3.000
1.000 1.000 2.000
2.000 2.000 2.000
1.000 2.000 2.000
2.000 1.000 2.000
2.000 1.000 1.000
1.000 2.000 1.000
1.000 1.000 1.000
2.000 1.000 2.000
1.000 1.000 1.000
2.000 2.000 2.000
2.000 2.000 1.000
1.000 1.000 1.000
1.000 1.000 1.000
2.000 2.000 1.000
2.000 1.000 1.000
2.000 1.000 1.000
1.000 1.000 2.000
2.000 1.000 2.000
1.000 2.000 1.000
1.000 2.000 1.000
1.000 1.000 2.000
1.000 1.000 1.000
1.000 2.000 1.000
1.000 2.000 2.000
2.000 1.000 2.000
3.000 1.000 2.000
1.000 2.000 1.000
2.000 2.000 1.000
1.000 1.000 2.000
2.000 1.000 1.000
1.000 1.000 2.000
1.000 2.000 1.000
1.000 1.000 1.000
1.000 1.000 1.000
1.000 1.000 2.000
2.000 1.000 1.000
1.000 2.000 1.000
2.000 2.000 1.000
1.000 1.000 1.000
1.000 1.000 2.000
3.000 1.000 1.000
2.000 1.000 2.000
1.000 2.000 1.000
1.000 1.000 2.000
1.000 2.000 2.000
2.000 2.000 2.000
2.000 1.000 1.000
2.000 2.000 2.000
2.000 1.000 2.000
2.000 1.000 2.000
1.000 2.000 1.000
2.000 2.000 1.000
1.000 2.000 1.000
2.000 1.000 2.000
1.000 1.000 1.000
1.000 1.000 1.000
2.000 1.000 2.000
2.000 1.000 2.000
2.000 2.000 2.000
1.000 2.000 2.000
1.000 2.000 1.000
2.000 1.000 1.000
2.000 1.000 1.000
1.000 2.000 2.000
2.000 1.000 1.000
2.000 3.000 2.000
1.000 2.000 1.000
2.000 3.000 3.000
1.000 2.000 2.000
2.000 1.000 1.000
2.000 2.000 1.000
1.000 2.000 2.000
1.000 2.000 1.000
2.000 2.000 2.000
1.000 2.000 2.000
1.000 2.000 2.000
2.000 1.000 2.000
1.000 1.000 1.000
1.000 1.000 2.000
7.000 9.000 1.000
2.000 2.000 2.000
1.000 1.000 2.000
2.000 1.000 1.000
2.000 1.000 1.000
2.000 1.000 1.000
1.000 1.000 2.000
1.000 2.000 1.000
2.000 2.000 1.000
1.000 1.000 1.000
2.000 1.000 2.000
2.000 2.000 1.000
1.000 1.000 2.000
2.000 2.000 1.000
19.000 11.000 7.000
3.000 3.000 1.000
1.000 2.000 2.000
1.000 2.000 2.000
3.000 1.000 1.000
1.000 1.000 1.000
2.000 1.000 1.000
1.000 1.000 2.000
2.000 1.000 3.000
3.000 1.000 2.000
4.000 2.000 3.000
3.000 1.000 3.000
1.000 3.000 3.000
2.000 1.000 2.000
2.000 1.000 2.000
2.000 2.000 2.000
1.000 2.000 2.000
2.000 2.000 1.000
1.000 2.000 2.000
1.000 1.000 2.000
2.000 1.000 1.000
2.000 2.000 2.000
1.000 1.000 2.000
2.000 2.000 2.000
2.000 1.000 1.000
3.000 2.000 3.000
1.000 1.000 2.000
1.000 1.000 2.000
1.000 1.000 2.000
1.000 1.000 1.000
2.000 2.000 3.000
2.000 1.000 2.000
2.000 1.000 1.000
1.000 2.000 1.000
2.000 2.000 3.000
2.000 2.000 3.000
1.000 1.000 1.000
2.000 2.000 2.000
2.000 2.000 1.000
2.000 1.000 1.000
2.000 2.000 1.000
2.000 2.000 2.000
1.000 2.000 2.000
3.000 2.000 2.000
2.000 1.000 1.000
1.000 1.000 2.000
2.000 1.000 2.000
1.000 1.000 2.000
2.000 1.000 2.000
1.000 1.000 2.000
1.000 1.000 2.000
1.000 1.000 1.000
2.000 1.000 2.000
1.000 2.000 1.000
1.000 1.000 1.000
1.000 1.000 2.000
1.000 2.000 2.000
2.000 1.000 2.000
1.000 2.000 2.000
2.000 1.000 1.000
1.000 2.000 2.000
2.000 2.000 1.000
2.000 2.000 1.000
1.000 2.000 2.000
1.000 1.000 1.000
1.000 2.000 2.000
2.000 1.000 2.000
1.000 1.000 1.000
2.000 2.000 2.000
2.000 2.000 1.000
2.000 2.000 2.000
2.000 1.000 1.000
1.000 2.000 1.000
2.000 1.000 2.000
2.000 1.000 1.000
1.000 1.000 2.000
2.000 1.000 2.000
1.000 2.000 2.000
2.000 1.000 2.000
2.000 1.000 2.000
1.000 2.000 2.000
1.000 1.000 2.000
2.000 2.000 2.000
2.000 2.000 1.000
1.000 4.000 3.000
1.000 2.000 2.000
3.000 2.000 2.000
2.000 2.000 1.000
2.000 2.000 1.000
2.000 3.000 2.000
1.000 1.000 2.000
1.000 1.000 2.000
1.000 1.000 1.000
1.000 1.000 1.000
1.000 1.000 2.000
16.000 25.000 15.000
2.000 1.000 1.000
1.000 1.000 1.000
2.000 2.000 2.000
2.000 2.000 2.000
2.000 2.000 1.000
8.000 14.000 4.000
2.000 1.000 2.000
2.000 2.000 2.000
2.000 2.000 2.000
2.000 2.000 2.000
1.000 1.000 1.000
2.000 2.000 1.000
1.000 2.000 2.000
1.000 2.000 1.000
2.000 2.000 1.000
1.000 1.000 2.000
1.000 2.000 1.000
3.000 1.000 1.000
1.000 2.000 1.000
1.000 2.000 2.000
2.000 2.000 2.000
2.000 1.000 1.000
2.000 2.000 2.000
1.000 1.000 1.000
2.000 1.000 2.000
2.000 2.000 2.000
2.000 2.000 2.000
1.000 1.000 1.000
1.000 1.000 1.000
2.000 2.000 2.000
1.000 2.000 2.000
1.000 2.000 1.000
2.000 2.000 2.000
1.000 2.000 2.000
1.000 1.000 1.000
1.000 1.000 2.000
1.000 1.000 2.000
1.000 2.000 1.000
2.000 1.000 1.000
1.000 2.000 2.000
1.000 1.000 2.000
1.000 1.000 2.000
2.000 1.000 2.000
1.000 1.000 1.000
1.000 2.000 1.000
2.000 2.000 1.000
1.000 2.000 2.000
2.000 1.000 2.000
2.000 2.000 1.000
1.000 2.000 2.000
2.000 2.000 1.000
1.000 2.000 1.000
1.000 1.000 2.000
2.000 2.000 1.000
1.000 1.000 2.000
2.000 2.000 2.000
2.000 1.000 1.000
1.000 1.000 1.000
1.000 2.000 3.000
1.000 2.000 1.000
2.000 1.000 2.000
1.000 2.000 2.000
2.000 3.000 1.000
1.000 1.000 1.000
2.000 1.000 2.000
2.000 2.000 1.000
1.000 2.000 2.000
1.000 2.000 1.000
1.000 2.000 2.000
1.000 2.000 1.000
2.000 2.000 2.000
1.000 2.000 2.000
1.000 1.000 1.000
1.000 1.000 2.000
2.000 2.000 1.000
1.000 3.000 2.000
2.000 1.000 1.000
3.000 3.000 3.000
2.000 1.000 1.000
2.000 2.000 1.000
3.000 1.000 3.000
1.000 2.000 2.000
2.000 2.000 1.000
2.000 2.000 1.000
1.000 2.000 2.000
1.000 1.000 1.000
2.000 2.000 1.000
2.000 2.000 2.000
2.000 2.000 1.000
1.000 2.000 2.000
2.000 2.000 1.000
1.000 1.000 1.000
1.000 1.000 2.000
2.000 2.000 2.000
1.000 1.000 1.000
2.000 2.000 1.000
2.000 2.000 2.000
2.000 1.000 1.000
1.000 2.000 1.000
2.000 1.000 1.000
2.000 1.000 1.000
1.000 1.000 2.000
2.000 2.000 1.000
1.000 1.000 2.000
2.000 2.000 2.000
1.000 1.000 1.000
1.000 2.000 1.000
2.000 2.000 2.000
1.000 1.000 2.000
1.000 2.000 1.000
2.000 1.000 3.000
1.000 1.000 1.000
1.000 1.000 2.000
1.000 2.000 1.000
1.000 2.000 1.000
2.000 2.000 2.000
1.000 2.000 2.000
1.000 1.000 1.000
2.000 1.000 2.000
1.000 2.000 2.000
2.000 1.000 1.000
1.000 2.000 2.000
1.000 1.000 1.000
1.000 1.000 1.000
2.000 2.000 2.000
2.000 2.000 1.000
2.000 2.000 2.000
1.000 1.000 1.000
1.000 2.000 2.000
2.000 1.000 2.000
2.000 1.000 2.000
1.000 2.000 2.000
2.000 2.000 2.000
2.000 2.000 2.000
2.000 2.000 2.000
2.000 2.000 2.000
2.000 2.000 1.000
1.000 2.000 1.000
1.000 2.000 1.000
2.000 1.000 1.000
2.000 2.000 1.000
2.000 1.000 2.000
2.000 1.000 1.000
1.000 2.000 1.000
2.000 2.000 1.000
2.000 2.000 2.000
2.000 2.000 2.000
1.000 1.000 1.000
1.000 1.000 1.000
2.000 1.000 1.000
2.000 1.000 2.000
2.000 1.000 2.000
2.000 2.000 1.000
2.000 2.000 1.000
2.000 2.000 1.000
4.000 1.000 7.000
5.000 15.000 5.000
1.000 2.000 2.000
2.000 2.000 2.000
2.000 1.000 2.000
1.000 1.000 1.000
2.000 2.000 2.000
1.000 1.000 2.000
1.000 1.000 1.000
1.000 2.000 2.000
2.000 2.000 2.000
1.000 1.000 2.000
1.000 1.000 1.000
2.000 1.000 1.000
1.000 2.000 2.000
1.000 2.000 1.000
1.000 1.000 2.000
2.000 3.000 2.000
9.000 1.000 8.000
1.000 1.000 1.000
1.000 2.000 1.000
1.000 1.000 2.000
2.000 2.000 1.000
2.000 2.000 2.000
2.000 2.000 1.000
1.000 1.000 1.000
1.000 1.000 2.000
1.000 1.000 2.000
1.000 1.000 1.000
2.000 1.000 2.000
2.000 2.000 2.000
2.000 2.000 1.000
2.000 2.000 1.000
1.000 2.000 1.000
1.000 1.000 2.000
1.000 2.000 1.000
1.000 1.000 1.000
1.000 2.000 2.000
2.000 1.000 1.000
1.000 2.000 2.000
2.000 1.000 1.000
2.000 2.000 2.000
2.000 1.000 2.000
2.000 1.000 2.000
3.000 2.000 1.000
2.000 1.000 1.000
2.000 2.000 2.000
1.000 2.000 2.000
2.000 2.000 1.000
1.000 2.000 1.000
1.000 2.000 1.000
1.000 2.000 1.000
1.000 1.000 1.000
1.000 1.000 2.000
1.000 2.000 2.000
1.000 1.000 2.000
1.000 1.000 2.000
1.000 1.000 2.000
1.000 1.000 1.000
2.000 2.000 1.000
1.000 1.000 2.000
2.000 2.000 2.000
2.000 2.000 2.000
2.000 2.000 2.000
2.000 1.000 1.000
2.000 2.000 2.000
1.000 1.000 2.000
2.000 2.000 2.000
1.000 2.000 1.000
3.000 2.000 3.000
1.000 2.000 2.000
1.000 1.000 2.000
2.000 1.000 1.000
2.000 1.000 1.000
1.000 2.000 1.000
2.000 1.000 1.000
2.000 1.000 2.000
2.000 2.000 2.000
1.000 1.000 2.000
2.000 1.000 1.000
1.000 2.000 1.000
1.000 2.000 2.000
2.000 2.000 1.000
2.000 2.000 2.000
1.000 2.000 2.000
1.000 2.000 2.000
1.000 1.000 1.000
2.000 2.000 2.000
1.000 2.000 2.000
1.000 1.000 2.000
1.000 2.000 2.000
1.000 2.000 1.000
1.000 2.000 3.000
2.000 1.000 1.000
1.000 2.000 2.000
1.000 1.000 2.000
3.000 2.000 3.000
2.000 2.000 2.000
2.000 2.000 2.000
8.000 1.000 6.000
2.000 1.000 1.000
2.000 2.000 1.000
1.000 1.000 2.000
1.000 2.000 1.000
1.000 2.000 2.000
2.000 2.000 2.000
2.000 1.000 1.000
2.000 1.000 1.000
2.000 2.000 1.000
1.000 2.000 1.000
1.000 1.000 2.000
2.000 2.000 1.000
1.000 2.000 1.000
2.000 2.000 2.000
1.000 2.000 2.000
2.000 1.000 2.000
1.000 2.000 1.000
2.000 1.000 2.000
2.000 2.000 1.000
1.000 1.000 1.000
2.000 1.000 1.000
1.000 1.000 2.000
1.000 1.000 2.000
2.000 1.000 1.000
1.000 1.000 1.000
1.000 2.000 1.000
1.000 1.000 2.000
2.000 1.000 1.000
1.000 1.000 1.000
1.000 1.000 2.000
3.000 1.000 2.000
1.000 1.000 2.000
2.000 2.000 2.000
2.000 1.000 1.000
1.000 2.000 2.000
2.000 1.000 2.000
2.000 1.000 2.000
2.000 2.000 1.000
2.000 2.000 2.000
2.000 2.000 1.000
2.000 2.000 2.000
2.000 2.000 1.000
2.000 2.000 1.000
2.000 2.000 2.000
2.000 1.000 2.000
1.000 2.000 2.000
1.000 1.000 1.000
1.000 2.000 2.000
2.000 1.000 1.000
1.000 1.000 1.000
2.000 2.000 1.000
1.000 1.000 1.000
1.000 1.000 2.000
2.000 2.000 1.000
2.000 1.000 1.000
2.000 1.000 2.000
2.000 2.000 1.000
1.000 1.000 2.000
2.000 2.000 2.000
2.000 2.000 2.000
1.000 2.000 2.000
2.000 1.000 2.000
2.000 2.000 2.000
2.000 2.000 2.000
2.000 2.000 2.000
2.000 1.000 2.000
1.000 1.000 2.000
1.000 1.000 1.000
1.000 1.000 2.000
2.000 1.000 2.000
3.000 1.000 1.000
2.000 1.000 1.000
2.000 2.000 2.000
2.000 1.000 2.000
1.000 1.000 1.000
2.000 1.000 1.000
2.000 2.000 1.000
2.000 2.000 1.000
1.000 1.000 2.000
1.000 2.000 2.000
2.000 2.000 2.000
1.000 1.000 2.000
1.000 1.000 1.000
1.000 2.000 2.000
1.000 2.000 1.000
2.000 2.000 2.000
2.000 2.000 2.000
1.000 1.000 1.000
1.000 1.000 2.000
2.000 1.000 2.000
3.000 1.000 2.000
2.000 1.000 2.000
2.000 1.000 1.000
2.000 2.000 1.000
1.000 2.000 2.000
1.000 2.000 1.000
2.000 1.000 2.000
1.000 2.000 1.000
1.000 2.000 2.000
3.000 6.000 2.000
2.000 4.000 1.000
1.000 1.000 1.000
1.000 1.000 1.000
2.000 1.000 2.000
1.000 2.000 2.000
2.000 2.000 1.000
1.000 1.000 2.000
2.000 2.000 2.000
2.000 2.000 2.000
2.000 1.000 1.000
2.000 2.000 1.000
2.000 2.000 1.000
10.000 6.000 1.000
1.000 1.000 2.000
1.000 2.000 1.000
1.000 1.000 1.000
1.000 3.000 2.000
1.000 2.000 2.000
1.000 1.000 2.000
1.000 2.000 1.000
2.000 2.000 1.000
1.000 1.000 1.000
1.000 1.000 2.000
1.000 2.000 1.000
2.000 2.000 1.000
2.000 2.000 1.000
2.000 2.000 2.000
1.000 2.000 1.000
2.000 1.000 1.000
2.000 2.000 2.000
1.000 2.000 1.000
1.000 2.000 1.000
2.000 2.000 2.000
1.000 1.000 1.000
1.000 1.000 3.000
2.000 2.000 1.000
1.000 2.000 2.000
2.000 2.000 1.000
2.000 2.000 2.000
2.000 1.000 1.000
1.000 1.000 1.000
2.000 2.000 2.000
1.000 2.000 1.000
2.000 2.000 1.000
1.000 2.000 2.000
2.000 1.000 1.000
2.000 1.000 2.000
1.000 2.000 1.000
2.000 2.000 1.000
1.000 2.000 2.000
1.000 2.000 1.000
3.000 2.000 1.000
1.000 1.000 1.000
1.000 1.000 1.000
2.000 2.000 2.000
2.000 1.000 2.000
1.000 2.000 1.000
2.000 2.000 1.000
2.000 2.000 2.000
2.000 1.000 1.000
2.000 2.000 2.000
2.000 1.000 1.000
2.000 2.000 2.000
2.000 2.000 2.000
2.000 1.000 1.000
2.000 1.000 2.000
2.000 2.000 1.000
1.000 2.000 2.000
1.000 2.000 1.000
1.000 2.000 2.000
2.000 2.000 1.000
1.000 1.000 1.000
1.000 2.000 2.000
2.000 1.000 1.000
1.000 1.000 2.000
2.000 2.000 1.000
2.000 2.000 1.000
1.000 1.000 1.000
1.000 2.000 1.000
1.000 1.000 2.000
1.000 1.000 2.000
1.000 1.000 2.000
1.000 1.000 2.000
1.000 2.000 2.000
1.000 1.000 2.000
1.000 2.000 1.000
2.000 1.000 1.000
1.000 2.000 1.000
1.000 2.000 1.000
2.000 1.000 1.000
2.000 2.000 1.000
1.000 2.000 1.000
2.000 2.000 2.000
1.000 1.000 1.000
2.000 1.000 1.000
2.000 2.000 2.000
2.000 2.000 2.000
2.000 2.000 2.000
2.000 2.000 2.000
2.000 1.000 2.000
1.000 2.000 3.000
1.000 1.000 1.000
1.000 3.000 2.000
2.000 2.000 2.000
2.000 2.000 1.000
3.000 2.000 1.000
1.000 1.000 1.000
1.000 1.000 1.000
1.000 2.000 1.000
2.000 1.000 2.000
1.000 1.000 1.000
1.000 1.000 2.000
1.000 1.000 1.000
1.000 2.000 2.000
2.000 1.000 1.000
2.000 1.000 2.000
2.000 2.000 1.000
2.000 1.000 2.000
2.000 2.000 2.000
1.000 1.000 3.000
1.000 2.000 3.000
2.000 1.000 2.000
2.000 1.000 2.000
2.000 2.000 1.000
2.000 1.000 1.000
2.000 2.000 2.000
1.000 2.000 1.000
1.000 2.000 3.000
1.000 1.000 2.000
1.000 2.000 2.000
2.000 1.000 2.000
3.000 2.000 1.000
2.000 2.000 1.000
2.000 2.000 2.000
1.000 2.000 1.000
2.000 2.000 2.000
2.000 2.000 2.000
2.000 1.000 1.000
1.000 1.000 2.000
2.000 1.000 2.000
3.000 1.000 2.000
2.000 3.000 3.000
3.000 1.000 3.000
1.000 1.000 1.000
1.000 1.000 2.000
1.000 2.000 2.000
2.000 1.000 1.000
2.000 2.000 2.000
1.000 1.000 2.000
1.000 2.000 1.000
2.000 1.000 1.000
2.000 1.000 2.000
1.000 1.000 1.000
2.000 2.000 1.000
3.000 1.000 2.000
1.000 1.000 1.000
2.000 1.000 1.000
2.000 2.000 2.000
2.000 1.000 2.000
2.000 1.000 2.000
1.000 1.000 2.000
2.000 1.000 1.000
1.000 1.000 1.000
2.000 2.000 1.000
1.000 2.000 2.000
2.000 1.000 2.000
2.000 2.000 2.000
1.000 2.000 1.000
2.000 2.000 2.000
2.000 1.000 2.000
5.000 7.000 5.000
2.000 2.000 2.000
2.000 1.000 1.000
2.000 2.000 2.000
1.000 1.000 2.000
2.000 1.000 1.000
1.000 1.000 2.000
2.000 2.000 1.000
1.000 1.000 1.000
2.000 2.000 1.000
1.000 2.000 1.000
1.000 2.000 1.000
3.000 3.000 3.000
1.000 2.000 2.000
1.000 2.000 1.000
2.000 1.000 2.000
2.000 1.000 2.000
2.000 1.000 1.000
3.000 3.000 3.000
1.000 1.000 2.000
2.000 2.000 1.000
2.000 1.000 1.000
1.000 1.000 1.000
2.000 2.000 2.000
1.000 1.000 2.000
2.000 2.000 2.000
1.000 1.000 1.000
1.000 2.000 1.000
1.000 2.000 2.000
2.000 3.000 1.000
1.000 1.000 1.000
2.000 2.000 2.000
1.000 2.000 2.000
2.000 2.000 2.000
1.000 1.000 2.000
1.000 1.000 1.000
1.000 1.000 1.000
1.000 1.000 2.000
2.000 1.000 1.000
1.000 1.000 1.000
2.000 1.000 2.000
2.000 2.000 1.000
1.000 2.000 1.000
2.000 2.000 1.000
1.000 1.000 2.000
1.000 2.000 2.000
1.000 2.000 1.000
1.000 2.000 2.000
1.000 1.000 1.000
2.000 1.000 2.000
2.000 2.000 1.000
1.000 1.000 2.000
2.000 2.000 2.000
2.000 1.000 2.000
1.000 1.000 2.000
2.000 1.000 1.000
1.000 1.000 1.000
1.000 1.000 1.000
2.000 1.000 2.000
2.000 1.000 2.000
2.000 2.000 1.000
2.000 2.000 1.000
1.000 1.000 1.000
2.000 2.000 1.000
3.000 1.000 1.000
1.000 2.000 2.000
1.000 2.000 1.000
8.000 19.000 18.000
4.000 7.000 10.000
1.000 1.000 2.000
1.000 3.000 2.000
1.000 3.000 2.000
2.000 1.000 1.000
1.000 1.000 2.000
2.000 3.000 2.000
3.000 3.000 3.000
2.000 1.000 1.000
1.000 2.000 1.000
1.000 2.000 2.000
1.000 2.000 1.000
2.000 2.000 2.000
2.000 2.000 1.000
1.000 1.000 1.000
3.000 2.000 2.000
1.000 1.000 1.000
1.000 1.000 2.000
3.000 1.000 1.000
2.000 3.000 1.000
2.000 1.000 2.000
1.000 1.000 1.000
1.000 3.000 1.000
2.000 1.000 1.000
2.000 1.000 1.000
1.000 2.000 3.000
2.000 2.000 2.000
1.000 1.000 1.000
2.000 1.000 2.000
2.000 2.000 2.000
2.000 2.000 2.000
2.000 1.000 2.000
2.000 2.000 1.000
2.000 1.000 3.000
1.000 1.000 1.000
2.000 1.000 1.000
2.000 1.000 1.000
2.000 1.000 2.000
1.000 3.000 3.000
3.000 1.000 2.000
1.000 2.000 1.000
2.000 2.000 1.000
1.000 2.000 2.000
3.000 1.000 3.000
2.000 1.000 3.000
2.000 1.000 1.000
2.000 2.000 1.000
2.000 1.000 2.000
2.000 2.000 1.000
1.000 1.000 2.000
1.000 2.000 2.000
1.000 2.000 1.000
1.000 1.000 2.000
1.000 2.000 2.000
1.000 2.000 1.000
2.000 1.000 1.000
1.000 1.000 2.000
2.000 2.000 2.000
2.000 1.000 2.000
1.000 1.000 1.000
1.000 1.000 1.000
1.000 1.000 2.000
1.000 1.000 1.000
2.000 1.000 1.000
2.000 2.000 1.000
1.000 2.000 2.000
2.000 2.000 2.000
1.000 2.000 1.000
2.000 1.000 2.000
1.000 1.000 2.000
1.000 1.000 1.000
2.000 2.000 2.000
2.000 1.000 1.000
2.000 2.000 1.000
2.000 2.000 1.000
1.000 2.000 2.000
1.000 2.000 1.000
2.000 2.000 2.000
1.000 2.000 2.000
2.000 2.000 2.000
1.000 1.000 1.000
1.000 2.000 1.000
2.000 1.000 2.000
2.000 2.000 1.000
1.000 2.000 1.000
2.000 1.000 2.000
1.000 1.000 1.000
1.000 1.000 1.000
2.000 1.000 2.000
2.000 2.000 1.000
2.000 2.000 2.000
1.000 2.000 2.000
2.000 2.000 2.000
2.000 2.000 1.000
2.000 2.000 2.000
1.000 2.000 1.000
2.000 2.000 1.000
1.000 1.000 1.000
1.000 2.000 2.000
2.000 2.000 1.000
2.000 1.000 2.000
2.000 1.000 2.000
1.000 1.000 1.000
2.000 2.000 1.000
1.000 1.000 1.000
2.000 2.000 2.000
3.000 2.000 1.000
2.000 1.000 1.000
2.000 2.000 2.000
2.000 1.000 2.000
2.000 2.000 2.000
2.000 1.000 2.000
1.000 1.000 2.000
2.000 2.000 2.000
2.000 2.000 2.000
1.000 2.000 2.000
2.000 2.000 2.000
1.000 1.000 1.000
2.000 2.000 1.000
1.000 1.000 2.000
1.000 1.000 2.000
2.000 1.000 2.000
1.000 2.000 2.000
1.000 1.000 2.000
1.000 1.000 2.000
1.000 1.000 2.000
2.000 1.000 1.000
2.000 2.000 2.000
2.000 1.000 2.000
2.000 1.000 1.000
2.000 1.000 2.000
2.000 1.000 1.000
2.000 1.000 1.000
1.000 2.000 1.000
2.000 1.000 2.000
2.000 1.000 1.000
1.000 1.000 1.000
1.000 1.000 1.000
1.000 1.000 1.000
2.000 1.000 2.000
1.000 1.000 2.000
2.000 2.000 1.000
1.000 1.000 2.000
1.000 1.000 2.000
1.000 1.000 2.000
2.000 1.000 2.000
1.000 1.000 2.000
2.000 2.000 1.000
2.000 1.000 1.000
1.000 2.000 2.000
1.000 2.000 1.000
1.000 1.000 2.000
2.000 1.000 1.000
2.000 2.000 1.000
2.000 1.000 2.000
1.000 1.000 1.000
2.000 2.000 2.000
1.000 2.000 2.000
1.000 1.000 1.000
2.000 1.000 1.000
2.000 2.000 2.000
1.000 2.000 2.000
1.000 1.000 2.000
2.000 2.000 2.000
2.000 2.000 1.000
2.000 2.000 2.000
1.000 2.000 1.000
1.000 1.000 1.000
2.000 1.000 1.000
2.000 2.000 1.000
2.000 1.000 2.000
1.000 1.000 2.000
1.000 2.000 2.000
2.000 1.000 1.000
2.000 2.000 1.000
2.000 1.000 2.000
2.000 1.000 1.000
1.000 2.000 1.000
2.000 2.000 1.000
2.000 2.000 2.000
1.000 1.000 2.000
2.000 2.000 1.000
1.000 2.000 1.000
2.000 2.000 1.000
2.000 2.000 2.000
2.000 2.000 1.000
1.000 2.000 1.000
1.000 2.000 2.000
2.000 1.000 2.000
2.000 1.000 2.000
1.000 1.000 2.000
2.000 1.000 1.000
1.000 1.000 1.000
2.000 2.000 2.000
2.000 2.000 1.000
2.000 1.000 1.000
1.000 1.000 1.000
2.000 1.000 2.000
2.000 2.000 2.000
2.000 1.000 1.000
2.000 2.000 1.000
2.000 1.000 2.000
1.000 2.000 1.000
1.000 1.000 1.000
1.000 1.000 1.000
2.000 1.000 2.000
1.000 2.000 1.000
2.000 1.000 1.000
1.000 1.000 1.000
1.000 1.000 1.000
2.000 2.000 1.000
1.000 1.000 2.000
2.000 1.000 2.000
1.000 1.000 1.000
2.000 2.000 1.000
1.000 2.000 1.000
1.000 1.000 1.000
1.000 2.000 1.000
2.000 2.000 2.000
1.000 2.000 2.000
1.000 1.000 1.000
1.000 1.000 1.000
1.000 2.000 2.000
2.000 1.000 1.000
2.000 2.000 2.000
2.000 1.000 2.000
2.000 1.000 1.000
2.000 2.000 2.000
1.000 2.000 1.000
2.000 2.000 2.000
2.000 2.000 2.000
2.000 1.000 1.000
1.000 1.000 2.000
1.000 2.000 2.000
1.000 1.000 1.000
1.000 1.000 1.000
1.000 2.000 2.000
2.000 2.000 2.000
2.000 1.000 1.000
1.000 3.000 2.000
1.000 2.000 2.000
2.000 3.000 1.000
1.000 1.000 2.000
2.000 1.000 1.000
2.000 2.000 1.000
1.000 1.000 1.000
1.000 1.000 2.000
2.000 2.000 1.000
1.000 2.000 2.000
1.000 1.000 2.000
1.000 2.000 1.000
2.000 1.000 1.000
3.000 1.000 1.000
1.000 2.000 1.000
1.000 1.000 2.000
1.000 2.000 1.000
3.000 1.000 2.000
2.000 1.000 2.000
1.000 1.000 2.000
2.000 2.000 1.000
2.000 1.000 2.000
1.000 1.000 2.000
2.000 1.000 1.000
1.000 1.000 2.000
1.000 1.000 2.000
2.000 1.000 2.000
2.000 1.000 1.000
2.000 1.000 1.000
2.000 2.000 1.000
1.000 1.000 1.000
2.000 2.000 2.000
2.000 1.000 1.000
1.000 1.000 2.000
1.000 2.000 4.000
1.000 2.000 1.000
1.000 3.000 2.000
1.000 2.000 1.000
1.000 2.000 1.000
1.000 1.000 2.000
2.000 1.000 2.000
2.000 1.000 1.000
1.000 1.000 1.000
1.000 1.000 2.000
2.000 1.000 2.000
2.000 2.000 2.000
2.000 2.000 1.000
4.000 4.000 9.000
2.000 1.000 1.000
2.000 2.000 2.000
2.000 1.000 2.000
2.000 2.000 2.000
2.000 1.000 1.000
1.000 2.000 2.000
1.000 2.000 2.000
2.000 1.000 1.000
3.000 3.000 2.000
1.000 2.000 2.000
2.000 2.000 2.000
2.000 1.000 1.000
1.000 1.000 2.000
2.000 1.000 1.000
1.000 2.000 1.000
1.000 2.000 2.000
1.000 2.000 2.000
2.000 1.000 1.000
2.000 3.000 2.000
1.000 1.000 2.000
2.000 1.000 1.000
1.000 2.000 1.000
1.000 1.000 1.000
1.000 2.000 1.000
2.000 2.000 2.000
2.000 1.000 1.000
2.000 2.000 2.000
2.000 1.000 2.000
1.000 2.000 2.000
1.000 2.000 1.000
1.000 1.000 2.000
1.000 2.000 2.000
1.000 1.000 1.000
1.000 1.000 2.000
1.000 1.000 1.000
2.000 2.000 2.000
1.000 1.000 2.000
2.000 1.000 2.000
2.000 2.000 2.000
2.000 3.000 2.000
2.000 1.000 2.000
1.000 2.000 1.000
2.000 1.000 1.000
1.000 1.000 2.000
1.000 2.000 1.000
2.000 2.000 2.000
2.000 1.000 2.000
1.000 2.000 2.000
2.000 2.000 1.000
1.000 2.000 2.000
2.000 1.000 1.000
2.000 2.000 2.000
1.000 1.000 2.000
1.000 2.000 1.000
2.000 1.000 2.000
1.000 2.000 1.000
2.000 1.000 2.000
2.000 2.000 2.000
1.000 2.000 2.000
1.000 1.000 1.000
2.000 2.000 2.000
1.000 1.000 1.000
1.000 1.000 1.000
1.000 1.000 1.000
2.000 1.000 1.000
1.000 2.000 2.000
3.000 3.000 3.000
1.000 1.000 2.000
2.000 1.000 1.000
2.000 2.000 1.000
2.000 2.000 1.000
1.000 1.000 2.000
1.000 1.000 2.000
1.000 1.000 1.000
2.000 2.000 1.000
2.000 2.000 1.000
2.000 2.000 1.000
2.000 1.000 2.000
2.000 2.000 1.000
1.000 1.000 1.000
2.000 2.000 2.000
2.000 1.000 1.000
2.000 2.000 2.000
2.000 1.000 1.000
1.000 1.000 2.000
1.000 1.000 1.000
2.000 2.000 2.000
1.000 1.000 1.000
1.000 2.000 2.000
2.000 2.000 1.000
2.000 2.000 1.000
1.000 1.000 1.000
1.000 1.000 2.000
2.000 2.000 2.000
1.000 1.000 2.000
2.000 1.000 1.000
1.000 2.000 1.000
2.000 2.000 2.000
2.000 2.000 1.000
2.000 1.000 1.000
1.000 2.000 2.000
2.000 1.000 1.000
1.000 1.000 1.000
1.000 1.000 2.000
1.000 1.000 2.000
2.000 2.000 1.000
2.000 2.000 2.000
2.000 2.000 1.000
1.000 2.000 2.000
2.000 1.000 2.000
1.000 1.000 2.000
1.000 1.000 1.000
1.000 1.000 2.000
1.000 1.000 1.000
1.000 1.000 2.000
1.000 2.000 2.000
2.000 2.000 2.000
1.000 1.000 2.000
1.000 2.000 2.000
2.000 1.000 2.000
1.000 2.000 2.000
2.000 1.000 1.000
1.000 2.000 2.000
1.000 2.000 1.000
2.000 1.000 2.000
1.000 2.000 1.000
2.000 2.000 1.000
2.000 2.000 2.000
1.000 2.000 1.000
2.000 1.000 1.000
2.000 1.000 2.000
2.000 1.000 2.000
2.000 1.000 2.000
1.000 2.000 1.000
1.000 1.000 1.000
2.000 2.000 2.000
1.000 2.000 2.000
2.000 2.000 1.000
2.000 1.000 1.000
1.000 1.000 1.000
1.000 2.000 2.000
1.000 2.000 2.000
1.000 1.000 2.000
2.000 2.000 1.000
1.000 2.000 2.000
2.000 2.000 1.000
1.000 2.000 2.000
2.000 2.000 2.000
2.000 2.000 2.000
2.000 1.000 1.000
1.000 1.000 2.000
1.000 1.000 2.000
1.000 2.000 2.000
1.000 1.000 1.000
2.000 1.000 1.000
2.000 2.000 1.000
2.000 1.000 2.000
2.000 2.000 1.000
1.000 2.000 1.000
1.000 2.000 2.000
2.000 1.000 2.000
2.000 2.000 2.000
1.000 2.000 2.000
2.000 2.000 2.000
2.000 2.000 1.000
1.000 1.000 1.000
2.000 2.000 2.000
2.000 2.000 2.000
1.000 2.000 1.000
1.000 2.000 2.000
2.000 2.000 1.000
2.000 1.000 1.000
1.000 2.000 1.000
1.000 1.000 1.000
2.000 1.000 1.000
1.000 1.000 2.000
1.000 1.000 1.000
1.000 2.000 2.000
1.000 2.000 1.000
1.000 2.000 1.000
1.000 1.000 1.000
2.000 2.000 2.000
2.000 1.000 1.000
1.000 2.000 1.000
2.000 1.000 1.000
1.000 2.000 2.000
2.000 2.000 2.000
1.000 1.000 2.000
2.000 2.000 2.000
1.000 2.000 1.000
1.000 1.000 2.000
1.000 2.000 2.000
2.000 1.000 2.000
2.000 1.000 1.000
1.000 1.000 2.000
1.000 1.000 2.000
2.000 1.000 2.000
1.000 2.000 1.000
2.000 1.000 2.000
2.000 1.000 2.000
