2.000 3.000 3.000
1.000 2.000 4.000
1.000 2.000 3.000
3.000 1.000 2.000
2.000 1.000 1.000
6.000 4.000 1.000
2.000 2.000 1.000
2.000 4.000 5.000
3.000 3.000 3.000
2.000 1.000 1.000
2.000 5.000 7.000
2.000 1.000 2.000
2.000 2.000 2.000
1.000 1.000 2.000
2.000 1.000 4.000
2.000 1.000 2.000
2.000 1.000 3.000
2.000 1.000 2.000
1.000 1.000 1.000
1.000 1.000 2.000
2.000 2.000 2.000
5.000 4.000 4.000
2.000 1.000 1.000
2.000 4.000 3.000
3.000 14.000 8.000
12.000 3.000 13.000
12.000 5.000 12.000
4.000 4.000 4.000
4.000 3.000 4.000
4.000 3.000 2.000
2.000 1.000 2.000
4.000 2.000 1.000
2.000 2.000 2.000
4.000 1.000 1.000
4.000 4.000 4.000
4.000 2.000 4.000
2.000 1.000 4.000
3.000 4.000 1.000
1.000 1.000 2.000
4.000 1.000 2.000
1.000 4.000 4.000
5.000 5.000 4.000
1.000 2.000 2.000
4.000 2.000 3.000
6.000 6.000 1.000
1.000 1.000 5.000
1.000 2.000 1.000
6.000 2.000 6.000
7.000 7.000 7.000
1.000 2.000 2.000
3.000 2.000 1.000
1.000 1.000 1.000
2.000 2.000 4.000
3.000 1.000 3.000
4.000 1.000 5.000
3.000 1.000 1.000
3.000 3.000 1.000
2.000 2.000 2.000
6.000 6.000 6.000
2.000 1.000 2.000
3.000 1.000 4.000
3.000 1.000 1.000
2.000 2.000 3.000
1.000 4.000 2.000
3.000 2.000 3.000
3.000 2.000 1.000
2.000 1.000 2.000
3.000 1.000 2.000
3.000 2.000 2.000
8.000 4.000 3.000
1.000 3.000 1.000
1.000 3.000 1.000
2.000 2.000 2.000
5.000 1.000 6.000
5.000 5.000 2.000
2.000 2.000 2.000
2.000 3.000 3.000
1.000 1.000 3.000
2.000 3.000 2.000
3.000 8.000 7.000
1.000 1.000 2.000
5.000 2.000 4.000
2.000 3.000 1.000
30.000 27.000 30.000
3.000 4.000 2.000
3.000 4.000 3.000
4.000 2.000 1.000
1.000 4.000 2.000
3.000 4.000 3.000
1.000 2.000 3.000
2.000 1.000 1.000
1.000 4.000 6.000
4.000 1.000 4.000
1.000 2.000 4.000
3.000 2.000 2.000
3.000 3.000 1.000
1.000 1.000 2.000
2.000 4.000 3.000
3.000 1.000 4.000
6.000 4.000 6.000
4.000 4.000 7.000
6.000 2.000 4.000
4.000 2.000 2.000
3.000 1.000 1.000
1.000 1.000 1.000
2.000 1.000 2.000
4.000 4.000 3.000
7.000 10.000 7.000
2.000 1.000 3.000
2.000 4.000 2.000
2.000 2.000 2.000
3.000 3.000 4.000
1.000 3.000 4.000
5.000 8.000 1.000
7.000 7.000 4.000
3.000 3.000 3.000
9.000 14.000 14.000
9.000 15.000 1.000
2.000 12.000 9.000
1.000 3.000 4.000
4.000 2.000 1.000
3.000 4.000 3.000
1.000 3.000 2.000
2.000 1.000 4.000
3.000 1.000 4.000
2.000 2.000 1.000
1.000 4.000 3.000
1.000 2.000 1.000
3.000 1.000 4.000
1.000 2.000 4.000
2.000 2.000 2.000
3.000 1.000 4.000
2.000 3.000 2.000
1.000 2.000 2.000
1.000 4.000 2.000
2.000 1.000 2.000
4.000 3.000 4.000
2.000 1.000 2.000
19.000 2.000 13.000
2.000 1.000 2.000
2.000 1.000 2.000
7.000 9.000 11.000
1.000 6.000 7.000
3.000 3.000 3.000
9.000 4.000 10.000
7.000 10.000 10.000
3.000 2.000 2.000
1.000 1.000 1.000
3.000 10.000 3.000
5.000 6.000 4.000
7.000 4.000 4.000
1.000 3.000 8.000
9.000 5.000 4.000
2.000 3.000 1.000
3.000 2.000 3.000
2.000 2.000 2.000
5.000 4.000 2.000
7.000 5.000 5.000
3.000 6.000 2.000
1.000 4.000 4.000
5.000 2.000 5.000
5.000 3.000 2.000
4.000 3.000 2.000
3.000 2.000 3.000
1.000 3.000 2.000
5.000 1.000 2.000
2.000 3.000 3.000
2.000 3.000 2.000
3.000 3.000 3.000
1.000 4.000 6.000
2.000 3.000 4.000
6.000 8.000 1.000
2.000 2.000 1.000
3.000 4.000 1.000
1.000 2.000 2.000
1.000 1.000 3.000
3.000 4.000 5.000
5.000 1.000 3.000
2.000 3.000 3.000
7.000 4.000 2.000
17.000 2.000 6.000
2.000 3.000 3.000
2.000 3.000 3.000
1.000 3.000 2.000
1.000 1.000 2.000
3.000 2.000 1.000
1.000 1.000 2.000
1.000 2.000 3.000
3.000 3.000 2.000
2.000 3.000 2.000
1.000 2.000 3.000
2.000 1.000 2.000
1.000 1.000 1.000
3.000 1.000 3.000
1.000 1.000 3.000
3.000 1.000 1.000
1.000 3.000 2.000
2.000 3.000 1.000
4.000 4.000 4.000
1.000 1.000 1.000
2.000 2.000 2.000
3.000 3.000 4.000
20.000 17.000 10.000
9.000 13.000 2.000
1.000 16.000 7.000
1.000 3.000 3.000
3.000 4.000 3.000
3.000 2.000 4.000
3.000 3.000 1.000
1.000 3.000 4.000
1.000 1.000 4.000
3.000 4.000 1.000
1.000 3.000 2.000
4.000 1.000 2.000
1.000 4.000 4.000
3.000 3.000 4.000
1.000 2.000 3.000
2.000 4.000 1.000
1.000 1.000 4.000
2.000 1.000 2.000
4.000 4.000 4.000
2.000 1.000 3.000
1.000 2.000 2.000
2.000 3.000 3.000
2.000 1.000 1.000
3.000 3.000 4.000
1.000 4.000 1.000
5.000 2.000 5.000
2.000 1.000 3.000
8.000 1.000 7.000
3.000 1.000 3.000
2.000 1.000 4.000
7.000 6.000 3.000
2.000 1.000 2.000
1.000 3.000 3.000
2.000 2.000 4.000
3.000 5.000 6.000
7.000 11.000 11.000
3.000 1.000 1.000
1.000 1.000 2.000
1.000 1.000 1.000
2.000 4.000 3.000
1.000 1.000 3.000
2.000 2.000 1.000
4.000 3.000 3.000
1.000 2.000 1.000
1.000 1.000 1.000
2.000 2.000 2.000
5.000 4.000 2.000
1.000 1.000 3.000
5.000 5.000 3.000
7.000 3.000 7.000
1.000 1.000 7.000
1.000 3.000 6.000
2.000 1.000 3.000
3.000 3.000 2.000
1.000 6.000 4.000
3.000 2.000 6.000
5.000 3.000 7.000
4.000 8.000 6.000
9.000 5.000 8.000
3.000 1.000 1.000
10.000 10.000 6.000
4.000 4.000 3.000
2.000 2.000 2.000
3.000 7.000 3.000
2.000 3.000 2.000
1.000 2.000 2.000
4.000 1.000 3.000
6.000 5.000 2.000
1.000 2.000 2.000
3.000 4.000 1.000
7.000 7.000 2.000
2.000 8.000 3.000
2.000 2.000 5.000
1.000 3.000 3.000
5.000 5.000 7.000
2.000 1.000 3.000
1.000 4.000 4.000
3.000 7.000 3.000
3.000 3.000 4.000
2.000 2.000 2.000
5.000 6.000 9.000
3.000 8.000 3.000
1.000 2.000 3.000
2.000 2.000 1.000
3.000 1.000 2.000
1.000 2.000 3.000
3.000 4.000 2.000
4.000 2.000 1.000
2.000 2.000 1.000
1.000 1.000 1.000
1.000 1.000 1.000
2.000 1.000 1.000
1.000 1.000 1.000
1.000 11.000 4.000
3.000 1.000 3.000
15.000 1.000 14.000
7.000 4.000 6.000
1.000 2.000 4.000
1.000 3.000 3.000
2.000 7.000 3.000
2.000 3.000 3.000
4.000 9.000 15.000
3.000 3.000 3.000
8.000 8.000 10.000
6.000 6.000 1.000
4.000 1.000 7.000
2.000 5.000 1.000
4.000 3.000 3.000
2.000 4.000 8.000
2.000 1.000 5.000
2.000 2.000 2.000
5.000 6.000 5.000
3.000 7.000 5.000
5.000 3.000 3.000
1.000 1.000 3.000
2.000 1.000 1.000
2.000 1.000 4.000
5.000 7.000 11.000
2.000 1.000 1.000
1.000 2.000 1.000
6.000 4.000 2.000
13.000 6.000 2.000
4.000 5.000 3.000
5.000 2.000 1.000
5.000 8.000 7.000
3.000 4.000 3.000
2.000 1.000 1.000
4.000 3.000 3.000
2.000 3.000 3.000
1.000 1.000 1.000
2.000 1.000 1.000
2.000 2.000 1.000
1.000 2.000 2.000
10.000 7.000 5.000
3.000 2.000 3.000
2.000 2.000 2.000
1.000 2.000 2.000
2.000 2.000 1.000
2.000 2.000 2.000
4.000 2.000 4.000
2.000 1.000 3.000
4.000 1.000 1.000
2.000 4.000 1.000
6.000 4.000 1.000
1.000 2.000 2.000
2.000 1.000 1.000
10.000 4.000 8.000
1.000 2.000 1.000
1.000 4.000 6.000
4.000 3.000 3.000
1.000 4.000 2.000
3.000 1.000 3.000
3.000 2.000 1.000
6.000 6.000 2.000
2.000 2.000 1.000
3.000 3.000 1.000
1.000 1.000 1.000
2.000 2.000 2.000
3.000 2.000 4.000
2.000 3.000 4.000
7.000 5.000 2.000
2.000 1.000 2.000
5.000 5.000 4.000
2.000 3.000 3.000
4.000 1.000 2.000
3.000 1.000 1.000
1.000 2.000 1.000
1.000 2.000 2.000
4.000 2.000 1.000
1.000 1.000 1.000
1.000 1.000 1.000
3.000 4.000 3.000
3.000 3.000 1.000
2.000 2.000 1.000
5.000 1.000 3.000
2.000 5.000 3.000
3.000 4.000 2.000
4.000 2.000 1.000
1.000 2.000 1.000
5.000 2.000 2.000
2.000 2.000 2.000
7.000 5.000 6.000
1.000 1.000 1.000
3.000 1.000 3.000
2.000 2.000 1.000
3.000 1.000 4.000
2.000 1.000 1.000
1.000 1.000 2.000
2.000 1.000 2.000
2.000 3.000 1.000
3.000 2.000 2.000
5.000 4.000 1.000
3.000 3.000 2.000
1.000 4.000 3.000
4.000 2.000 4.000
2.000 1.000 3.000
11.000 4.000 2.000
3.000 2.000 2.000
3.000 5.000 4.000
4.000 3.000 4.000
4.000 3.000 6.000
2.000 6.000 2.000
1.000 2.000 6.000
2.000 4.000 3.000
2.000 1.000 5.000
2.000 5.000 2.000
12.000 6.000 8.000
4.000 2.000 2.000
6.000 7.000 3.000
2.000 2.000 2.000
3.000 3.000 3.000
3.000 3.000 3.000
2.000 2.000 1.000
1.000 3.000 6.000
1.000 2.000 1.000
3.000 5.000 2.000
3.000 3.000 4.000
3.000 3.000 5.000
4.000 2.000 3.000
1.000 1.000 2.000
4.000 2.000 3.000
3.000 1.000 2.000
1.000 3.000 1.000
1.000 3.000 2.000
15.000 7.000 6.000
1.000 2.000 2.000
2.000 2.000 1.000
1.000 2.000 1.000
3.000 2.000 1.000
3.000 2.000 2.000
14.000 20.000 21.000
4.000 5.000 3.000
1.000 5.000 3.000
1.000 1.000 1.000
5.000 3.000 1.000
5.000 1.000 3.000
5.000 2.000 2.000
4.000 2.000 5.000
1.000 1.000 2.000
5.000 5.000 5.000
2.000 3.000 1.000
1.000 5.000 1.000
1.000 1.000 1.000
4.000 1.000 4.000
5.000 4.000 2.000
2.000 1.000 1.000
1.000 2.000 1.000
2.000 2.000 1.000
2.000 1.000 1.000
5.000 3.000 3.000
2.000 3.000 5.000
2.000 4.000 4.000
1.000 1.000 1.000
3.000 5.000 3.000
5.000 14.000 17.000
2.000 18.000 5.000
17.000 16.000 6.000
2.000 1.000 1.000
5.000 4.000 1.000
3.000 1.000 3.000
4.000 3.000 2.000
3.000 4.000 1.000
11.000 8.000 19.000
4.000 6.000 8.000
3.000 4.000 1.000
1.000 1.000 2.000
2.000 2.000 1.000
4.000 3.000 2.000
2.000 1.000 2.000
1.000 4.000 5.000
2.000 1.000 1.000
2.000 1.000 2.000
1.000 1.000 2.000
1.000 3.000 1.000
2.000 3.000 3.000
7.000 9.000 14.000
18.000 10.000 3.000
12.000 4.000 13.000
3.000 4.000 4.000
3.000 3.000 4.000
4.000 2.000 4.000
2.000 4.000 3.000
2.000 4.000 4.000
1.000 4.000 2.000
3.000 2.000 1.000
4.000 4.000 1.000
1.000 2.000 4.000
4.000 4.000 1.000
1.000 2.000 2.000
4.000 1.000 1.000
4.000 4.000 4.000
2.000 3.000 4.000
3.000 4.000 2.000
3.000 1.000 2.000
2.000 2.000 3.000
1.000 2.000 1.000
1.000 1.000 3.000
1.000 5.000 1.000
7.000 4.000 7.000
1.000 1.000 1.000
1.000 3.000 4.000
5.000 7.000 7.000
3.000 1.000 2.000
2.000 7.000 8.000
2.000 2.000 2.000
5.000 5.000 2.000
7.000 5.000 4.000
2.000 2.000 4.000
1.000 5.000 5.000
2.000 1.000 1.000
3.000 1.000 2.000
1.000 23.000 3.000
5.000 1.000 20.000
2.000 1.000 1.000
2.000 3.000 3.000
2.000 2.000 2.000
3.000 3.000 2.000
3.000 7.000 3.000
2.000 2.000 2.000
4.000 1.000 4.000
2.000 3.000 2.000
1.000 1.000 2.000
2.000 2.000 1.000
3.000 5.000 1.000
1.000 1.000 1.000
4.000 1.000 2.000
1.000 2.000 5.000
1.000 3.000 3.000
1.000 2.000 2.000
1.000 2.000 1.000
2.000 1.000 3.000
1.000 2.000 3.000
4.000 4.000 3.000
2.000 4.000 4.000
1.000 4.000 4.000
3.000 1.000 1.000
1.000 3.000 3.000
2.000 1.000 2.000
3.000 1.000 2.000
2.000 1.000 1.000
4.000 4.000 7.000
1.000 1.000 2.000
3.000 4.000 5.000
6.000 4.000 1.000
6.000 5.000 7.000
5.000 5.000 1.000
7.000 6.000 7.000
6.000 6.000 4.000
4.000 1.000 1.000
1.000 5.000 5.000
3.000 4.000 4.000
4.000 3.000 5.000
8.000 11.000 10.000
6.000 4.000 4.000
3.000 2.000 4.000
2.000 4.000 5.000
2.000 5.000 7.000
4.000 3.000 2.000
4.000 5.000 1.000
1.000 4.000 2.000
1.000 3.000 2.000
3.000 2.000 1.000
5.000 6.000 5.000
1.000 1.000 2.000
5.000 7.000 7.000
2.000 6.000 7.000
1.000 1.000 1.000
1.000 2.000 1.000
1.000 1.000 2.000
4.000 3.000 2.000
2.000 1.000 2.000
4.000 2.000 4.000
1.000 5.000 3.000
3.000 2.000 3.000
1.000 6.000 7.000
7.000 4.000 6.000
3.000 3.000 3.000
3.000 1.000 1.000
1.000 1.000 3.000
3.000 1.000 2.000
1.000 3.000 3.000
5.000 2.000 6.000
10.000 11.000 11.000
8.000 11.000 6.000
2.000 6.000 5.000
2.000 2.000 1.000
3.000 2.000 2.000
7.000 8.000 2.000
10.000 1.000 1.000
1.000 6.000 9.000
6.000 10.000 10.000
6.000 4.000 5.000
3.000 8.000 5.000
2.000 3.000 2.000
5.000 3.000 5.000
1.000 2.000 1.000
2.000 3.000 4.000
1.000 2.000 1.000
3.000 3.000 3.000
1.000 1.000 1.000
1.000 2.000 1.000
7.000 4.000 7.000
8.000 7.000 7.000
3.000 6.000 6.000
2.000 2.000 4.000
1.000 2.000 1.000
5.000 1.000 4.000
4.000 6.000 6.000
2.000 4.000 3.000
2.000 1.000 1.000
1.000 2.000 2.000
5.000 1.000 4.000
3.000 2.000 2.000
1.000 3.000 2.000
3.000 4.000 3.000
3.000 3.000 2.000
8.000 5.000 2.000
2.000 2.000 2.000
1.000 1.000 3.000
3.000 1.000 2.000
2.000 1.000 1.000
2.000 2.000 2.000
2.000 2.000 2.000
1.000 2.000 1.000
2.000 1.000 2.000
2.000 1.000 1.000
2.000 8.000 2.000
2.000 2.000 5.000
2.000 2.000 2.000
1.000 1.000 1.000
1.000 2.000 2.000
2.000 2.000 2.000
2.000 2.000 2.000
1.000 2.000 7.000
2.000 2.000 1.000
1.000 2.000 2.000
1.000 5.000 5.000
1.000 1.000 2.000
4.000 1.000 1.000
3.000 3.000 3.000
4.000 6.000 8.000
1.000 4.000 1.000
2.000 4.000 4.000
2.000 1.000 3.000
1.000 2.000 2.000
1.000 1.000 1.000
3.000 4.000 2.000
2.000 1.000 3.000
1.000 1.000 2.000
1.000 4.000 4.000
1.000 1.000 2.000
1.000 1.000 3.000
1.000 1.000 2.000
2.000 1.000 1.000
2.000 2.000 1.000
3.000 3.000 1.000
3.000 4.000 1.000
3.000 1.000 1.000
24.000 16.000 17.000
5.000 5.000 5.000
2.000 2.000 2.000
7.000 4.000 4.000
1.000 3.000 3.000
2.000 4.000 3.000
10.000 7.000 10.000
2.000 1.000 8.000
1.000 2.000 3.000
1.000 2.000 3.000
1.000 2.000 1.000
4.000 2.000 4.000
1.000 2.000 1.000
1.000 1.000 1.000
1.000 2.000 2.000
2.000 1.000 1.000
2.000 2.000 1.000
3.000 2.000 1.000
2.000 2.000 3.000
2.000 1.000 1.000
1.000 1.000 1.000
1.000 3.000 2.000
2.000 1.000 1.000
2.000 2.000 1.000
3.000 1.000 3.000
5.000 1.000 1.000
3.000 2.000 1.000
1.000 3.000 3.000
15.000 4.000 3.000
2.000 2.000 2.000
4.000 3.000 11.000
6.000 5.000 3.000
1.000 1.000 2.000
1.000 1.000 2.000
1.000 2.000 1.000
2.000 3.000 2.000
2.000 1.000 3.000
2.000 2.000 2.000
2.000 3.000 1.000
1.000 4.000 3.000
3.000 1.000 3.000
1.000 3.000 3.000
4.000 4.000 2.000
1.000 3.000 2.000
1.000 2.000 2.000
5.000 1.000 2.000
4.000 5.000 4.000
3.000 3.000 3.000
2.000 2.000 1.000
1.000 1.000 6.000
6.000 7.000 4.000
1.000 2.000 3.000
4.000 4.000 2.000
4.000 5.000 4.000
1.000 3.000 3.000
2.000 2.000 1.000
10.000 1.000 1.000
1.000 1.000 2.000
2.000 1.000 2.000
1.000 3.000 1.000
2.000 3.000 1.000
4.000 4.000 3.000
6.000 2.000 7.000
2.000 3.000 2.000
4.000 3.000 5.000
4.000 1.000 3.000
2.000 3.000 1.000
3.000 4.000 1.000
1.000 2.000 1.000
1.000 3.000 10.000
3.000 1.000 6.000
1.000 1.000 2.000
2.000 1.000 2.000
5.000 4.000 4.000
7.000 4.000 9.000
3.000 3.000 2.000
3.000 2.000 4.000
5.000 2.000 2.000
2.000 2.000 1.000
2.000 2.000 2.000
4.000 1.000 2.000
1.000 4.000 3.000
4.000 8.000 4.000
1.000 1.000 3.000
1.000 3.000 1.000
1.000 2.000 3.000
2.000 2.000 3.000
5.000 5.000 1.000
1.000 1.000 2.000
1.000 2.000 1.000
1.000 1.000 3.000
2.000 2.000 3.000
2.000 1.000 5.000
1.000 2.000 2.000
4.000 5.000 4.000
4.000 3.000 1.000
4.000 4.000 4.000
1.000 2.000 2.000
6.000 4.000 1.000
1.000 2.000 2.000
2.000 2.000 1.000
2.000 1.000 2.000
1.000 1.000 2.000
1.000 2.000 3.000
2.000 5.000 1.000
3.000 1.000 3.000
1.000 4.000 1.000
1.000 2.000 2.000
3.000 3.000 3.000
1.000 2.000 1.000
4.000 3.000 1.000
2.000 3.000 2.000
3.000 1.000 2.000
2.000 1.000 2.000
3.000 1.000 4.000
4.000 6.000 9.000
4.000 7.000 10.000
2.000 11.000 8.000
2.000 1.000 2.000
1.000 3.000 1.000
1.000 2.000 3.000
1.000 3.000 2.000
2.000 2.000 3.000
1.000 1.000 1.000
3.000 3.000 2.000
5.000 4.000 5.000
3.000 1.000 1.000
2.000 1.000 1.000
4.000 1.000 1.000
1.000 2.000 1.000
2.000 1.000 2.000
2.000 2.000 2.000
1.000 1.000 2.000
3.000 1.000 2.000
5.000 2.000 3.000
2.000 2.000 2.000
2.000 2.000 1.000
1.000 2.000 2.000
4.000 1.000 3.000
6.000 4.000 4.000
4.000 1.000 1.000
5.000 3.000 2.000
1.000 1.000 1.000
2.000 2.000 1.000
2.000 1.000 1.000
1.000 6.000 6.000
2.000 4.000 5.000
2.000 1.000 1.000
2.000 1.000 1.000
1.000 1.000 2.000
2.000 2.000 3.000
4.000 2.000 4.000
2.000 2.000 1.000
9.000 9.000 6.000
2.000 7.000 3.000
2.000 3.000 1.000
3.000 3.000 1.000
2.000 1.000 3.000
1.000 1.000 2.000
2.000 1.000 2.000
3.000 1.000 3.000
8.000 9.000 9.000
1.000 1.000 2.000
1.000 1.000 3.000
2.000 1.000 3.000
7.000 7.000 2.000
5.000 2.000 3.000
1.000 2.000 1.000
4.000 2.000 1.000
5.000 4.000 2.000
8.000 1.000 7.000
2.000 1.000 1.000
4.000 4.000 4.000
1.000 4.000 2.000
1.000 2.000 1.000
2.000 2.000 3.000
5.000 2.000 1.000
4.000 5.000 2.000
2.000 3.000 2.000
7.000 4.000 9.000
1.000 2.000 1.000
2.000 2.000 2.000
4.000 7.000 8.000
4.000 4.000 6.000
3.000 5.000 5.000
5.000 7.000 4.000
1.000 1.000 2.000
4.000 5.000 6.000
2.000 3.000 1.000
1.000 2.000 3.000
1.000 3.000 2.000
1.000 2.000 1.000
4.000 5.000 3.000
2.000 1.000 2.000
1.000 1.000 2.000
1.000 1.000 1.000
2.000 1.000 2.000
5.000 1.000 2.000
1.000 1.000 2.000
3.000 3.000 1.000
2.000 3.000 1.000
1.000 1.000 7.000
11.000 1.000 3.000
4.000 1.000 4.000
1.000 3.000 2.000
1.000 1.000 1.000
3.000 3.000 4.000
7.000 6.000 10.000
3.000 3.000 1.000
3.000 4.000 3.000
2.000 3.000 5.000
3.000 3.000 3.000
1.000 2.000 1.000
2.000 4.000 1.000
1.000 3.000 2.000
4.000 3.000 2.000
2.000 1.000 2.000
2.000 1.000 3.000
1.000 1.000 2.000
2.000 3.000 2.000
1.000 2.000 2.000
4.000 1.000 3.000
5.000 7.000 4.000
1.000 2.000 1.000
11.000 1.000 7.000
5.000 2.000 5.000
1.000 1.000 5.000
3.000 1.000 3.000
2.000 2.000 2.000
1.000 2.000 4.000
3.000 1.000 1.000
1.000 2.000 1.000
1.000 1.000 2.000
1.000 4.000 5.000
1.000 2.000 1.000
2.000 2.000 1.000
1.000 2.000 1.000
1.000 2.000 2.000
2.000 2.000 1.000
2.000 2.000 2.000
1.000 2.000 2.000
4.000 4.000 3.000
2.000 1.000 1.000
2.000 2.000 2.000
1.000 2.000 1.000
5.000 3.000 1.000
3.000 1.000 3.000
4.000 3.000 1.000
4.000 7.000 2.000
1.000 1.000 1.000
1.000 1.000 2.000
2.000 2.000 2.000
1.000 2.000 1.000
1.000 1.000 2.000
1.000 1.000 2.000
4.000 3.000 1.000
2.000 2.000 2.000
3.000 1.000 3.000
1.000 1.000 1.000
1.000 2.000 1.000
1.000 3.000 1.000
1.000 2.000 1.000
1.000 2.000 2.000
7.000 1.000 7.000
4.000 2.000 4.000
4.000 4.000 1.000
3.000 1.000 3.000
4.000 4.000 4.000
2.000 1.000 2.000
4.000 3.000 2.000
1.000 3.000 4.000
1.000 4.000 4.000
3.000 4.000 3.000
2.000 1.000 3.000
2.000 1.000 1.000
2.000 1.000 2.000
5.000 4.000 4.000
13.000 6.000 2.000
3.000 5.000 5.000
5.000 3.000 6.000
6.000 2.000 1.000
5.000 5.000 4.000
2.000 1.000 2.000
1.000 1.000 1.000
2.000 2.000 2.000
1.000 2.000 1.000
6.000 6.000 4.000
5.000 4.000 6.000
4.000 5.000 5.000
5.000 2.000 1.000
2.000 4.000 4.000
2.000 2.000 1.000
4.000 4.000 2.000
2.000 2.000 1.000
4.000 2.000 3.000
1.000 4.000 10.000
1.000 2.000 1.000
3.000 1.000 3.000
1.000 1.000 2.000
5.000 4.000 6.000
2.000 4.000 3.000
4.000 4.000 4.000
6.000 1.000 1.000
4.000 3.000 4.000
3.000 5.000 4.000
2.000 2.000 2.000
2.000 1.000 3.000
2.000 1.000 2.000
1.000 4.000 2.000
2.000 1.000 2.000
4.000 4.000 4.000
2.000 4.000 4.000
2.000 4.000 9.000
9.000 7.000 15.000
4.000 2.000 4.000
1.000 2.000 1.000
2.000 2.000 2.000
3.000 2.000 2.000
1.000 1.000 3.000
2.000 3.000 1.000
4.000 1.000 2.000
4.000 2.000 3.000
2.000 2.000 3.000
1.000 3.000 4.000
4.000 3.000 4.000
3.000 2.000 4.000
2.000 2.000 1.000
2.000 2.000 2.000
2.000 2.000 2.000
2.000 2.000 2.000
2.000 2.000 2.000
2.000 1.000 1.000
1.000 2.000 1.000
1.000 2.000 1.000
1.000 2.000 1.000
2.000 1.000 1.000
2.000 2.000 3.000
1.000 2.000 2.000
3.000 4.000 4.000
3.000 2.000 3.000
2.000 3.000 2.000
1.000 2.000 2.000
2.000 2.000 2.000
5.000 9.000 6.000
7.000 5.000 7.000
1.000 2.000 3.000
3.000 3.000 3.000
1.000 1.000 3.000
1.000 2.000 1.000
1.000 2.000 1.000
12.000 14.000 12.000
2.000 2.000 2.000
4.000 2.000 4.000
1.000 1.000 1.000
1.000 2.000 1.000
2.000 2.000 1.000
2.000 4.000 2.000
2.000 2.000 2.000
2.000 2.000 2.000
5.000 3.000 5.000
2.000 1.000 1.000
4.000 2.000 6.000
1.000 2.000 6.000
1.000 1.000 2.000
4.000 3.000 17.000
1.000 1.000 2.000
2.000 2.000 1.000
1.000 2.000 2.000
2.000 2.000 2.000
2.000 2.000 1.000
1.000 1.000 2.000
3.000 1.000 3.000
3.000 2.000 3.000
2.000 2.000 1.000
2.000 2.000 1.000
1.000 2.000 1.000
1.000 1.000 1.000
2.000 2.000 1.000
3.000 1.000 2.000
2.000 2.000 2.000
1.000 2.000 2.000
1.000 2.000 1.000
2.000 1.000 2.000
3.000 1.000 1.000
1.000 1.000 1.000
1.000 2.000 3.000
4.000 2.000 4.000
3.000 1.000 1.000
3.000 6.000 3.000
1.000 2.000 1.000
4.000 4.000 4.000
3.000 4.000 7.000
1.000 1.000 1.000
2.000 2.000 2.000
1.000 4.000 4.000
2.000 1.000 1.000
2.000 1.000 1.000
1.000 2.000 1.000
1.000 1.000 2.000
2.000 2.000 2.000
2.000 2.000 2.000
1.000 1.000 1.000
2.000 4.000 4.000
1.000 2.000 2.000
4.000 3.000 4.000
3.000 7.000 1.000
4.000 5.000 1.000
8.000 13.000 5.000
2.000 5.000 1.000
3.000 1.000 1.000
3.000 3.000 1.000
1.000 2.000 1.000
3.000 6.000 6.000
2.000 1.000 1.000
2.000 1.000 2.000
2.000 1.000 1.000
1.000 5.000 6.000
2.000 3.000 3.000
1.000 10.000 2.000
15.000 13.000 2.000
7.000 1.000 7.000
11.000 1.000 15.000
9.000 3.000 4.000
4.000 8.000 9.000
5.000 1.000 5.000
9.000 15.000 12.000
4.000 10.000 2.000
4.000 5.000 2.000
14.000 13.000 2.000
2.000 4.000 3.000
2.000 3.000 6.000
4.000 3.000 4.000
5.000 4.000 3.000
3.000 2.000 2.000
3.000 2.000 4.000
2.000 3.000 2.000
2.000 2.000 2.000
2.000 1.000 2.000
3.000 2.000 3.000
3.000 1.000 2.000
3.000 4.000 2.000
2.000 2.000 6.000
7.000 6.000 8.000
2.000 3.000 2.000
2.000 3.000 3.000
1.000 4.000 2.000
3.000 1.000 1.000
4.000 1.000 4.000
2.000 2.000 2.000
2.000 4.000 1.000
4.000 4.000 1.000
2.000 1.000 2.000
1.000 2.000 3.000
2.000 2.000 1.000
1.000 1.000 2.000
2.000 2.000 1.000
2.000 1.000 2.000
1.000 1.000 1.000
4.000 5.000 6.000
1.000 1.000 1.000
2.000 1.000 1.000
1.000 2.000 2.000
1.000 1.000 4.000
1.000 1.000 1.000
2.000 2.000 3.000
1.000 1.000 1.000
2.000 1.000 2.000
1.000 1.000 1.000
2.000 3.000 1.000
1.000 2.000 2.000
4.000 4.000 3.000
3.000 2.000 1.000
1.000 2.000 2.000
3.000 2.000 5.000
2.000 2.000 1.000
3.000 2.000 1.000
1.000 2.000 1.000
1.000 2.000 3.000
3.000 6.000 2.000
6.000 1.000 2.000
4.000 4.000 1.000
1.000 1.000 4.000
5.000 1.000 3.000
2.000 3.000 1.000
2.000 1.000 1.000
3.000 5.000 8.000
2.000 7.000 5.000
4.000 1.000 2.000
1.000 1.000 2.000
1.000 7.000 1.000
3.000 4.000 4.000
1.000 1.000 2.000
2.000 2.000 2.000
1.000 1.000 3.000
30.000 13.000 26.000
10.000 8.000 1.000
5.000 4.000 4.000
5.000 5.000 5.000
5.000 5.000 5.000
8.000 7.000 5.000
1.000 1.000 1.000
1.000 2.000 2.000
1.000 5.000 6.000
2.000 1.000 5.000
7.000 10.000 7.000
3.000 3.000 1.000
2.000 6.000 4.000
4.000 7.000 4.000
7.000 6.000 4.000
5.000 2.000 1.000
4.000 2.000 2.000
2.000 4.000 2.000
4.000 5.000 4.000
7.000 3.000 4.000
2.000 2.000 1.000
2.000 1.000 2.000
2.000 1.000 3.000
2.000 1.000 1.000
2.000 1.000 3.000
1.000 2.000 1.000
2.000 1.000 3.000
2.000 2.000 2.000
3.000 1.000 2.000
2.000 6.000 2.000
2.000 1.000 1.000
1.000 3.000 1.000
3.000 3.000 1.000
6.000 1.000 3.000
2.000 1.000 1.000
5.000 7.000 1.000
5.000 2.000 2.000
1.000 1.000 2.000
2.000 1.000 1.000
6.000 4.000 6.000
1.000 2.000 2.000
4.000 1.000 3.000
1.000 1.000 3.000
3.000 3.000 2.000
1.000 2.000 2.000
3.000 2.000 7.000
1.000 4.000 5.000
1.000 2.000 1.000
2.000 3.000 3.000
1.000 2.000 2.000
3.000 3.000 3.000
1.000 2.000 1.000
5.000 5.000 1.000
2.000 3.000 1.000
3.000 3.000 2.000
2.000 2.000 3.000
4.000 2.000 1.000
4.000 2.000 2.000
6.000 4.000 1.000
3.000 1.000 3.000
2.000 2.000 2.000
1.000 2.000 1.000
3.000 2.000 4.000
7.000 9.000 12.000
2.000 2.000 1.000
1.000 3.000 1.000
4.000 4.000 2.000
2.000 2.000 3.000
2.000 2.000 2.000
4.000 2.000 2.000
1.000 2.000 2.000
2.000 1.000 1.000
3.000 2.000 2.000
3.000 3.000 1.000
1.000 2.000 1.000
2.000 3.000 3.000
3.000 2.000 5.000
8.000 3.000 6.000
4.000 2.000 2.000
2.000 1.000 1.000
2.000 1.000 2.000
2.000 1.000 1.000
2.000 1.000 3.000
2.000 1.000 1.000
2.000 2.000 2.000
1.000 2.000 3.000
2.000 1.000 2.000
5.000 5.000 4.000
5.000 5.000 5.000
2.000 1.000 3.000
4.000 4.000 7.000
2.000 1.000 2.000
2.000 1.000 2.000
2.000 1.000 1.000
3.000 2.000 3.000
1.000 1.000 4.000
2.000 1.000 2.000
2.000 11.000 6.000
2.000 1.000 1.000
1.000 1.000 1.000
3.000 4.000 3.000
1.000 2.000 1.000
2.000 1.000 2.000
1.000 3.000 2.000
1.000 1.000 2.000
1.000 2.000 2.000
2.000 2.000 2.000
5.000 3.000 5.000
2.000 1.000 2.000
2.000 1.000 4.000
1.000 1.000 4.000
2.000 1.000 2.000
5.000 5.000 6.000
3.000 1.000 1.000
2.000 2.000 2.000
2.000 1.000 1.000
4.000 5.000 2.000
5.000 6.000 5.000
3.000 4.000 2.000
7.000 8.000 1.000
3.000 5.000 2.000
4.000 3.000 5.000
2.000 1.000 3.000
6.000 1.000 3.000
2.000 1.000 1.000
4.000 4.000 4.000
8.000 10.000 7.000
1.000 2.000 1.000
2.000 1.000 2.000
2.000 2.000 9.000
2.000 5.000 5.000
4.000 4.000 4.000
2.000 1.000 4.000
1.000 2.000 2.000
3.000 1.000 2.000
1.000 1.000 1.000
15.000 15.000 7.000
1.000 2.000 1.000
2.000 2.000 1.000
1.000 3.000 2.000
2.000 2.000 1.000
3.000 4.000 1.000
1.000 1.000 2.000
2.000 1.000 2.000
4.000 2.000 2.000
1.000 2.000 1.000
1.000 1.000 2.000
2.000 1.000 2.000
1.000 2.000 1.000
6.000 2.000 4.000
5.000 6.000 2.000
1.000 4.000 4.000
2.000 6.000 6.000
3.000 5.000 5.000
5.000 1.000 2.000
1.000 3.000 1.000
4.000 1.000 2.000
3.000 5.000 4.000
10.000 10.000 8.000
1.000 1.000 3.000
2.000 1.000 2.000
2.000 2.000 3.000
4.000 1.000 2.000
1.000 4.000 4.000
2.000 3.000 4.000
1.000 3.000 2.000
2.000 2.000 1.000
6.000 5.000 2.000
3.000 3.000 3.000
2.000 1.000 3.000
2.000 2.000 3.000
2.000 1.000 4.000
1.000 1.000 2.000
2.000 1.000 1.000
4.000 4.000 3.000
3.000 9.000 9.000
6.000 1.000 9.000
1.000 4.000 1.000
1.000 2.000 2.000
2.000 2.000 2.000
5.000 4.000 1.000
2.000 6.000 6.000
2.000 2.000 2.000
2.000 1.000 3.000
3.000 2.000 2.000
1.000 1.000 2.000
1.000 2.000 1.000
1.000 3.000 3.000
5.000 2.000 5.000
1.000 1.000 2.000
2.000 2.000 3.000
3.000 3.000 1.000
4.000 3.000 3.000
8.000 9.000 2.000
1.000 1.000 1.000
3.000 4.000 4.000
1.000 2.000 1.000
1.000 1.000 2.000
1.000 2.000 1.000
2.000 4.000 3.000
1.000 4.000 1.000
1.000 2.000 2.000
2.000 2.000 5.000
4.000 3.000 5.000
1.000 2.000 1.000
4.000 3.000 4.000
2.000 2.000 2.000
7.000 2.000 4.000
3.000 3.000 1.000
1.000 1.000 2.000
2.000 2.000 3.000
1.000 3.000 3.000
1.000 1.000 2.000
1.000 2.000 2.000
2.000 1.000 2.000
2.000 2.000 1.000
2.000 3.000 3.000
1.000 1.000 2.000
1.000 1.000 1.000
3.000 5.000 2.000
6.000 6.000 6.000
6.000 6.000 6.000
1.000 1.000 1.000
4.000 2.000 4.000
2.000 2.000 2.000
3.000 3.000 1.000
1.000 4.000 5.000
4.000 2.000 2.000
1.000 3.000 2.000
2.000 3.000 2.000
2.000 1.000 1.000
2.000 1.000 1.000
1.000 2.000 1.000
2.000 1.000 2.000
2.000 2.000 1.000
2.000 1.000 1.000
2.000 4.000 3.000
5.000 1.000 6.000
1.000 2.000 1.000
2.000 5.000 2.000
3.000 2.000 2.000
3.000 4.000 1.000
1.000 3.000 1.000
6.000 5.000 6.000
3.000 4.000 3.000
2.000 3.000 3.000
4.000 1.000 1.000
1.000 2.000 2.000
2.000 2.000 2.000
1.000 4.000 3.000
1.000 1.000 1.000
1.000 2.000 2.000
3.000 2.000 3.000
3.000 2.000 1.000
1.000 4.000 4.000
4.000 3.000 4.000
4.000 3.000 3.000
3.000 3.000 1.000
2.000 1.000 2.000
3.000 1.000 4.000
2.000 4.000 1.000
5.000 6.000 7.000
3.000 7.000 2.000
6.000 5.000 1.000
4.000 1.000 5.000
2.000 1.000 1.000
1.000 1.000 1.000
3.000 6.000 7.000
2.000 2.000 5.000
1.000 1.000 1.000
5.000 3.000 2.000
4.000 1.000 1.000
2.000 2.000 1.000
3.000 4.000 3.000
1.000 3.000 9.000
6.000 6.000 7.000
1.000 3.000 1.000
4.000 4.000 3.000
1.000 3.000 3.000
3.000 3.000 1.000
3.000 1.000 1.000
2.000 3.000 3.000
2.000 3.000 3.000
4.000 4.000 2.000
2.000 2.000 1.000
3.000 1.000 2.000
2.000 5.000 4.000
13.000 14.000 8.000
1.000 1.000 1.000
2.000 2.000 2.000
1.000 2.000 1.000
1.000 2.000 1.000
2.000 1.000 2.000
1.000 1.000 1.000
1.000 2.000 2.000
3.000 3.000 3.000
2.000 5.000 2.000
4.000 9.000 9.000
2.000 1.000 2.000
4.000 1.000 9.000
1.000 2.000 1.000
2.000 4.000 2.000
4.000 3.000 3.000
2.000 2.000 2.000
2.000 2.000 1.000
5.000 2.000 1.000
1.000 1.000 1.000
1.000 2.000 2.000
1.000 1.000 1.000
2.000 1.000 1.000
2.000 2.000 2.000
4.000 3.000 4.000
4.000 2.000 4.000
2.000 1.000 2.000
3.000 3.000 1.000
4.000 4.000 3.000
1.000 2.000 2.000
2.000 2.000 2.000
4.000 3.000 1.000
2.000 3.000 1.000
6.000 3.000 3.000
2.000 1.000 3.000
1.000 1.000 3.000
3.000 1.000 3.000
2.000 3.000 1.000
2.000 1.000 1.000
1.000 1.000 1.000
3.000 11.000 13.000
4.000 1.000 4.000
2.000 2.000 3.000
1.000 1.000 2.000
2.000 2.000 1.000
5.000 1.000 3.000
2.000 3.000 2.000
6.000 5.000 2.000
1.000 1.000 1.000
1.000 2.000 2.000
4.000 4.000 4.000
3.000 1.000 1.000
2.000 2.000 1.000
2.000 2.000 3.000
1.000 2.000 1.000
2.000 3.000 2.000
1.000 1.000 1.000
4.000 1.000 4.000
2.000 1.000 1.000
2.000 1.000 1.000
1.000 3.000 1.000
3.000 3.000 2.000
1.000 2.000 1.000
1.000 1.000 3.000
1.000 2.000 1.000
4.000 12.000 11.000
10.000 11.000 11.000
8.000 15.000 9.000
1.000 5.000 8.000
11.000 13.000 2.000
1.000 3.000 1.000
2.000 3.000 3.000
2.000 1.000 2.000
2.000 2.000 2.000
2.000 2.000 2.000
1.000 1.000 1.000
6.000 2.000 5.000
1.000 1.000 2.000
1.000 2.000 2.000
2.000 2.000 1.000
8.000 3.000 1.000
2.000 1.000 2.000
1.000 2.000 2.000
1.000 1.000 2.000
2.000 2.000 1.000
10.000 2.000 1.000
2.000 3.000 1.000
1.000 1.000 1.000
1.000 2.000 1.000
1.000 2.000 1.000
1.000 2.000 1.000
1.000 1.000 1.000
1.000 2.000 1.000
2.000 2.000 2.000
2.000 2.000 2.000
1.000 2.000 1.000
2.000 2.000 1.000
1.000 1.000 1.000
2.000 1.000 1.000
1.000 2.000 1.000
2.000 2.000 2.000
1.000 1.000 2.000
2.000 1.000 3.000
1.000 2.000 2.000
2.000 1.000 2.000
1.000 2.000 2.000
2.000 2.000 2.000
1.000 1.000 1.000
3.000 2.000 3.000
1.000 2.000 1.000
2.000 4.000 2.000
2.000 1.000 1.000
2.000 3.000 2.000
2.000 4.000 1.000
2.000 3.000 3.000
2.000 2.000 2.000
2.000 2.000 2.000
2.000 1.000 4.000
9.000 7.000 10.000
5.000 1.000 7.000
4.000 4.000 6.000
12.000 3.000 7.000
7.000 6.000 2.000
3.000 2.000 5.000
4.000 2.000 3.000
2.000 1.000 2.000
4.000 11.000 6.000
5.000 10.000 12.000
3.000 5.000 3.000
9.000 1.000 11.000
6.000 1.000 3.000
13.000 18.000 15.000
2.000 8.000 1.000
3.000 1.000 3.000
2.000 2.000 2.000
2.000 2.000 5.000
1.000 1.000 3.000
2.000 2.000 3.000
2.000 1.000 2.000
1.000 1.000 1.000
4.000 1.000 1.000
2.000 2.000 3.000
2.000 2.000 2.000
3.000 3.000 1.000
3.000 6.000 1.000
5.000 2.000 1.000
9.000 7.000 4.000
1.000 1.000 1.000
6.000 8.000 8.000
2.000 3.000 1.000
2.000 2.000 1.000
2.000 1.000 3.000
3.000 3.000 2.000
1.000 1.000 1.000
1.000 1.000 2.000
2.000 3.000 1.000
1.000 1.000 2.000
2.000 3.000 1.000
1.000 1.000 1.000
1.000 2.000 3.000
2.000 2.000 2.000
2.000 1.000 3.000
1.000 1.000 2.000
2.000 3.000 1.000
1.000 2.000 2.000
1.000 2.000 2.000
1.000 3.000 1.000
3.000 1.000 3.000
1.000 2.000 1.000
3.000 1.000 1.000
3.000 3.000 3.000
2.000 2.000 3.000
1.000 3.000 2.000
3.000 1.000 3.000
2.000 3.000 3.000
2.000 1.000 2.000
5.000 3.000 1.000
1.000 1.000 2.000
3.000 4.000 1.000
1.000 3.000 5.000
7.000 10.000 5.000
1.000 2.000 1.000
5.000 5.000 3.000
2.000 2.000 1.000
5.000 2.000 4.000
2.000 2.000 3.000
4.000 1.000 3.000
2.000 2.000 2.000
5.000 9.000 8.000
2.000 1.000 3.000
6.000 7.000 3.000
4.000 5.000 3.000
6.000 2.000 3.000
5.000 3.000 2.000
2.000 1.000 3.000
3.000 4.000 1.000
5.000 2.000 3.000
4.000 2.000 1.000
3.000 1.000 3.000
3.000 1.000 1.000
2.000 3.000 1.000
3.000 3.000 1.000
1.000 1.000 1.000
2.000 2.000 1.000
1.000 2.000 2.000
3.000 2.000 3.000
3.000 4.000 2.000
3.000 4.000 2.000
2.000 1.000 1.000
1.000 2.000 3.000
1.000 3.000 3.000
4.000 3.000 3.000
4.000 3.000 3.000
1.000 1.000 1.000
2.000 1.000 1.000
3.000 1.000 1.000
1.000 2.000 2.000
2.000 1.000 5.000
1.000 4.000 4.000
2.000 2.000 1.000
2.000 4.000 4.000
3.000 3.000 3.000
2.000 1.000 4.000
5.000 6.000 2.000
2.000 2.000 3.000
3.000 2.000 4.000
1.000 1.000 2.000
3.000 2.000 2.000
1.000 2.000 2.000
1.000 3.000 1.000
4.000 5.000 4.000
2.000 1.000 1.000
1.000 3.000 3.000
1.000 2.000 1.000
3.000 3.000 2.000
1.000 2.000 1.000
4.000 3.000 4.000
1.000 3.000 2.000
3.000 1.000 1.000
6.000 1.000 6.000
1.000 2.000 4.000
7.000 7.000 4.000
1.000 2.000 1.000
1.000 2.000 2.000
2.000 2.000 2.000
1.000 1.000 1.000
1.000 1.000 1.000
1.000 3.000 3.000
1.000 2.000 2.000
1.000 1.000 2.000
3.000 3.000 1.000
6.000 6.000 1.000
6.000 3.000 1.000
2.000 1.000 1.000
2.000 2.000 2.000
2.000 1.000 1.000
1.000 2.000 1.000
3.000 2.000 1.000
2.000 5.000 2.000
1.000 2.000 2.000
2.000 1.000 2.000
3.000 13.000 6.000
4.000 1.000 1.000
2.000 4.000 4.000
3.000 3.000 3.000
1.000 2.000 2.000
2.000 1.000 1.000
2.000 1.000 2.000
2.000 3.000 3.000
3.000 4.000 4.000
1.000 1.000 2.000
2.000 2.000 1.000
1.000 2.000 2.000
2.000 1.000 2.000
1.000 2.000 2.000
1.000 2.000 1.000
1.000 2.000 2.000
1.000 3.000 1.000
1.000 7.000 1.000
1.000 2.000 1.000
2.000 1.000 1.000
2.000 1.000 3.000
2.000 1.000 2.000
1.000 2.000 1.000
2.000 1.000 3.000
1.000 2.000 1.000
1.000 1.000 1.000
2.000 4.000 2.000
2.000 2.000 1.000
1.000 4.000 5.000
2.000 1.000 1.000
13.000 8.000 9.000
2.000 1.000 2.000
1.000 1.000 3.000
1.000 7.000 3.000
1.000 2.000 2.000
2.000 6.000 3.000
1.000 2.000 2.000
1.000 1.000 4.000
2.000 4.000 4.000
4.000 4.000 7.000
20.000 1.000 8.000
2.000 3.000 3.000
1.000 2.000 2.000
3.000 1.000 3.000
3.000 4.000 1.000
1.000 1.000 1.000
2.000 1.000 2.000
1.000 2.000 2.000
2.000 3.000 3.000
2.000 1.000 1.000
1.000 2.000 1.000
2.000 2.000 2.000
1.000 2.000 2.000
1.000 1.000 2.000
8.000 10.000 7.000
2.000 3.000 2.000
8.000 3.000 1.000
1.000 1.000 1.000
1.000 1.000 2.000
3.000 3.000 3.000
3.000 1.000 2.000
3.000 1.000 1.000
2.000 3.000 2.000
3.000 4.000 1.000
1.000 1.000 2.000
1.000 3.000 1.000
3.000 2.000 2.000
9.000 4.000 6.000
4.000 4.000 1.000
2.000 2.000 2.000
1.000 3.000 3.000
1.000 1.000 1.000
3.000 1.000 1.000
1.000 2.000 2.000
1.000 3.000 3.000
1.000 4.000 5.000
5.000 4.000 5.000
1.000 1.000 1.000
3.000 2.000 5.000
4.000 3.000 1.000
2.000 2.000 2.000
2.000 1.000 2.000
1.000 2.000 1.000
1.000 1.000 4.000
2.000 2.000 2.000
5.000 1.000 7.000
2.000 1.000 2.000
2.000 1.000 2.000
3.000 8.000 2.000
2.000 2.000 2.000
1.000 2.000 1.000
1.000 2.000 1.000
1.000 2.000 1.000
1.000 1.000 2.000
1.000 2.000 2.000
1.000 1.000 2.000
2.000 1.000 1.000
1.000 1.000 2.000
1.000 1.000 2.000
3.000 3.000 3.000
2.000 1.000 3.000
1.000 4.000 3.000
4.000 4.000 2.000
2.000 1.000 1.000
3.000 4.000 5.000
4.000 2.000 2.000
4.000 1.000 5.000
1.000 1.000 1.000
2.000 1.000 1.000
2.000 3.000 2.000
5.000 6.000 2.000
8.000 7.000 5.000
2.000 1.000 1.000
1.000 1.000 1.000
2.000 2.000 2.000
1.000 2.000 3.000
2.000 5.000 6.000
2.000 3.000 3.000
1.000 6.000 7.000
2.000 3.000 1.000
4.000 3.000 5.000
2.000 2.000 1.000
7.000 5.000 3.000
2.000 1.000 5.000
5.000 2.000 6.000
2.000 2.000 2.000
2.000 2.000 2.000
2.000 2.000 1.000
2.000 2.000 2.000
3.000 2.000 1.000
1.000 1.000 1.000
1.000 2.000 3.000
1.000 3.000 2.000
4.000 5.000 3.000
7.000 6.000 4.000
1.000 1.000 1.000
2.000 2.000 2.000
1.000 2.000 1.000
4.000 4.000 3.000
1.000 4.000 1.000
1.000 2.000 1.000
2.000 1.000 1.000
1.000 1.000 1.000
3.000 7.000 3.000
2.000 2.000 1.000
2.000 1.000 3.000
2.000 2.000 2.000
6.000 6.000 3.000
5.000 1.000 1.000
2.000 2.000 2.000
3.000 1.000 3.000
3.000 3.000 2.000
4.000 2.000 4.000
2.000 2.000 2.000
1.000 3.000 1.000
2.000 2.000 3.000
1.000 2.000 2.000
2.000 2.000 1.000
1.000 2.000 2.000
3.000 1.000 3.000
4.000 4.000 6.000
3.000 3.000 3.000
1.000 6.000 1.000
2.000 2.000 1.000
7.000 5.000 14.000
1.000 2.000 2.000
1.000 2.000 2.000
1.000 1.000 2.000
2.000 3.000 3.000
3.000 3.000 4.000
1.000 7.000 7.000
2.000 1.000 2.000
1.000 3.000 3.000
1.000 2.000 2.000
2.000 1.000 1.000
2.000 2.000 2.000
1.000 1.000 1.000
4.000 6.000 6.000
15.000 2.000 10.000
13.000 5.000 7.000
18.000 7.000 6.000
4.000 1.000 7.000
11.000 4.000 7.000
1.000 1.000 1.000
2.000 1.000 2.000
1.000 2.000 2.000
1.000 2.000 1.000
1.000 1.000 1.000
3.000 2.000 6.000
1.000 1.000 1.000
2.000 1.000 1.000
2.000 1.000 1.000
1.000 3.000 1.000
3.000 3.000 1.000
2.000 2.000 1.000
3.000 3.000 2.000
2.000 2.000 2.000
4.000 4.000 3.000
3.000 3.000 2.000
1.000 2.000 1.000
3.000 2.000 3.000
3.000 1.000 1.000
3.000 3.000 2.000
3.000 4.000 2.000
3.000 1.000 2.000
2.000 5.000 2.000
1.000 2.000 2.000
1.000 2.000 2.000
2.000 5.000 5.000
4.000 4.000 4.000
1.000 1.000 2.000
1.000 2.000 2.000
1.000 1.000 1.000
1.000 2.000 1.000
3.000 1.000 3.000
2.000 1.000 1.000
1.000 1.000 2.000
2.000 1.000 2.000
1.000 2.000 2.000
1.000 1.000 2.000
4.000 2.000 3.000
2.000 3.000 1.000
1.000 2.000 2.000
1.000 1.000 1.000
2.000 1.000 2.000
3.000 1.000 4.000
4.000 3.000 3.000
1.000 2.000 2.000
2.000 1.000 2.000
1.000 3.000 3.000
2.000 1.000 1.000
8.000 2.000 3.000
3.000 1.000 1.000
1.000 3.000 1.000
1.000 1.000 2.000
2.000 5.000 4.000
1.000 4.000 2.000
3.000 2.000 3.000
2.000 1.000 2.000
3.000 4.000 2.000
1.000 2.000 2.000
5.000 3.000 1.000
1.000 4.000 5.000
3.000 1.000 2.000
3.000 8.000 2.000
3.000 2.000 2.000
2.000 1.000 1.000
1.000 2.000 2.000
3.000 1.000 1.000
1.000 2.000 2.000
3.000 2.000 2.000
2.000 1.000 1.000
5.000 4.000 3.000
5.000 1.000 3.000
2.000 1.000 2.000
2.000 1.000 2.000
5.000 6.000 4.000
2.000 1.000 1.000
1.000 2.000 1.000
4.000 3.000 1.000
2.000 1.000 3.000
2.000 2.000 2.000
1.000 1.000 2.000
1.000 2.000 1.000
3.000 3.000 2.000
1.000 1.000 2.000
3.000 3.000 5.000
3.000 1.000 2.000
1.000 2.000 2.000
1.000 1.000 2.000
1.000 1.000 3.000
3.000 3.000 1.000
1.000 2.000 2.000
2.000 5.000 4.000
3.000 2.000 3.000
1.000 2.000 3.000
2.000 1.000 1.000
1.000 1.000 1.000
6.000 4.000 2.000
2.000 2.000 1.000
7.000 4.000 4.000
2.000 2.000 2.000
3.000 1.000 1.000
3.000 3.000 4.000
1.000 3.000 2.000
2.000 2.000 2.000
2.000 1.000 2.000
2.000 1.000 1.000
1.000 1.000 3.000
4.000 4.000 4.000
2.000 2.000 1.000
1.000 1.000 1.000
2.000 2.000 1.000
2.000 1.000 1.000
2.000 1.000 1.000
2.000 2.000 1.000
2.000 1.000 2.000
1.000 7.000 3.000
1.000 3.000 3.000
2.000 3.000 2.000
1.000 1.000 2.000
1.000 3.000 3.000
1.000 2.000 2.000
2.000 1.000 2.000
2.000 2.000 2.000
1.000 6.000 5.000
2.000 2.000 1.000
1.000 1.000 1.000
2.000 1.000 1.000
2.000 1.000 1.000
3.000 1.000 3.000
1.000 3.000 1.000
1.000 2.000 2.000
2.000 2.000 2.000
2.000 2.000 2.000
1.000 2.000 3.000
2.000 2.000 1.000
2.000 1.000 2.000
1.000 3.000 1.000
2.000 3.000 2.000
7.000 6.000 6.000
2.000 1.000 2.000
1.000 1.000 2.000
1.000 3.000 3.000
1.000 1.000 1.000
1.000 1.000 3.000
1.000 5.000 6.000
3.000 1.000 2.000
2.000 1.000 1.000
1.000 2.000 5.000
1.000 2.000 2.000
2.000 1.000 1.000
1.000 1.000 1.000
2.000 3.000 3.000
7.000 7.000 3.000
2.000 2.000 2.000
2.000 1.000 2.000
3.000 3.000 2.000
3.000 3.000 3.000
1.000 3.000 3.000
1.000 3.000 3.000
2.000 1.000 1.000
2.000 1.000 1.000
2.000 2.000 2.000
2.000 1.000 2.000
2.000 2.000 1.000
1.000 1.000 1.000
2.000 1.000 1.000
1.000 2.000 2.000
2.000 1.000 1.000
3.000 1.000 4.000
2.000 2.000 1.000
1.000 2.000 3.000
2.000 1.000 1.000
1.000 2.000 2.000
4.000 1.000 3.000
1.000 5.000 3.000
2.000 4.000 1.000
2.000 1.000 2.000
3.000 1.000 4.000
1.000 1.000 1.000
1.000 1.000 2.000
2.000 1.000 1.000
1.000 1.000 1.000
6.000 2.000 3.000
2.000 1.000 1.000
1.000 2.000 1.000
1.000 2.000 2.000
1.000 2.000 3.000
3.000 5.000 3.000
1.000 2.000 2.000
2.000 1.000 1.000
2.000 1.000 1.000
2.000 2.000 1.000
3.000 3.000 2.000
1.000 1.000 2.000
9.000 5.000 9.000
1.000 3.000 1.000
2.000 1.000 1.000
2.000 1.000 2.000
2.000 2.000 1.000
2.000 2.000 1.000
2.000 1.000 2.000
1.000 1.000 1.000
3.000 2.000 3.000
2.000 2.000 3.000
1.000 1.000 1.000
2.000 2.000 2.000
1.000 2.000 2.000
1.000 1.000 1.000
1.000 2.000 1.000
3.000 2.000 2.000
11.000 7.000 12.000
3.000 7.000 4.000
4.000 1.000 2.000
4.000 2.000 1.000
2.000 3.000 3.000
4.000 1.000 1.000
1.000 1.000 3.000
2.000 5.000 5.000
1.000 2.000 2.000
4.000 1.000 4.000
3.000 1.000 2.000
2.000 3.000 2.000
1.000 1.000 1.000
2.000 1.000 3.000
1.000 1.000 1.000
2.000 2.000 2.000
1.000 1.000 1.000
3.000 3.000 2.000
3.000 1.000 3.000
2.000 3.000 3.000
1.000 1.000 2.000
2.000 2.000 3.000
4.000 1.000 3.000
1.000 2.000 2.000
3.000 4.000 4.000
1.000 2.000 2.000
2.000 2.000 2.000
4.000 1.000 3.000
1.000 2.000 3.000
3.000 3.000 1.000
3.000 2.000 3.000
2.000 1.000 1.000
2.000 1.000 2.000
2.000 3.000 3.000
3.000 1.000 3.000
4.000 3.000 4.000
1.000 3.000 3.000
2.000 2.000 2.000
3.000 2.000 3.000
1.000 3.000 2.000
1.000 2.000 1.000
2.000 2.000 1.000
2.000 3.000 3.000
2.000 1.000 2.000
2.000 1.000 2.000
2.000 1.000 2.000
1.000 2.000 2.000
2.000 1.000 2.000
2.000 2.000 2.000
1.000 3.000 2.000
2.000 1.000 1.000
3.000 2.000 2.000
3.000 3.000 3.000
1.000 2.000 2.000
3.000 3.000 1.000
2.000 1.000 2.000
7.000 7.000 7.000
2.000 2.000 2.000
1.000 1.000 1.000
2.000 1.000 1.000
1.000 1.000 2.000
1.000 2.000 2.000
2.000 1.000 2.000
6.000 1.000 1.000
1.000 2.000 3.000
2.000 3.000 2.000
2.000 2.000 2.000
2.000 1.000 2.000
1.000 2.000 2.000
2.000 2.000 2.000
3.000 3.000 7.000
2.000 2.000 1.000
2.000 4.000 1.000
1.000 2.000 2.000
2.000 1.000 1.000
4.000 4.000 2.000
3.000 1.000 3.000
1.000 4.000 1.000
2.000 1.000 1.000
2.000 2.000 2.000
7.000 2.000 3.000
1.000 2.000 2.000
2.000 2.000 2.000
1.000 2.000 2.000
1.000 2.000 1.000
6.000 2.000 4.000
1.000 2.000 2.000
5.000 6.000 7.000
3.000 1.000 2.000
5.000 2.000 4.000
2.000 1.000 1.000
2.000 1.000 2.000
3.000 2.000 3.000
1.000 2.000 1.000
2.000 1.000 1.000
1.000 3.000 3.000
4.000 5.000 5.000
2.000 1.000 3.000
4.000 1.000 2.000
4.000 3.000 3.000
2.000 2.000 1.000
1.000 1.000 1.000
2.000 2.000 2.000
2.000 2.000 2.000
2.000 2.000 5.000
1.000 1.000 1.000
1.000 4.000 8.000
3.000 2.000 3.000
3.000 2.000 1.000
2.000 4.000 3.000
2.000 3.000 2.000
1.000 2.000 2.000
2.000 1.000 1.000
2.000 1.000 2.000
1.000 1.000 1.000
2.000 2.000 1.000
1.000 1.000 2.000
2.000 2.000 1.000
1.000 2.000 2.000
1.000 1.000 2.000
2.000 1.000 2.000
1.000 2.000 1.000
1.000 1.000 1.000
2.000 3.000 3.000
1.000 1.000 3.000
1.000 2.000 2.000
1.000 2.000 2.000
1.000 1.000 3.000
1.000 3.000 1.000
4.000 1.000 2.000
2.000 2.000 2.000
4.000 5.000 3.000
5.000 7.000 1.000
5.000 3.000 3.000
5.000 4.000 5.000
6.000 1.000 4.000
4.000 3.000 3.000
3.000 6.000 1.000
1.000 6.000 2.000
4.000 4.000 4.000
3.000 2.000 1.000
3.000 2.000 3.000
2.000 2.000 1.000
2.000 2.000 1.000
4.000 2.000 1.000
2.000 2.000 2.000
1.000 1.000 2.000
1.000 3.000 3.000
2.000 2.000 1.000
2.000 1.000 2.000
4.000 5.000 1.000
2.000 1.000 2.000
3.000 5.000 3.000
1.000 2.000 2.000
3.000 6.000 2.000
4.000 4.000 5.000
2.000 1.000 1.000
2.000 1.000 2.000
2.000 6.000 4.000
1.000 1.000 1.000
4.000 1.000 4.000
1.000 3.000 4.000
3.000 1.000 3.000
4.000 3.000 1.000
1.000 1.000 2.000
2.000 1.000 2.000
1.000 2.000 4.000
2.000 1.000 1.000
3.000 3.000 2.000
1.000 1.000 2.000
1.000 3.000 2.000
1.000 3.000 2.000
2.000 2.000 1.000
1.000 1.000 2.000
2.000 3.000 1.000
2.000 1.000 2.000
2.000 1.000 1.000
2.000 4.000 3.000
2.000 1.000 1.000
1.000 2.000 2.000
2.000 2.000 1.000
2.000 2.000 1.000
1.000 1.000 3.000
1.000 2.000 1.000
1.000 1.000 2.000
7.000 4.000 6.000
2.000 1.000 2.000
1.000 2.000 1.000
2.000 2.000 1.000
3.000 3.000 2.000
3.000 3.000 3.000
2.000 2.000 1.000
2.000 2.000 2.000
2.000 1.000 2.000
2.000 2.000 2.000
1.000 2.000 2.000
6.000 3.000 4.000
2.000 4.000 3.000
2.000 1.000 4.000
1.000 2.000 2.000
1.000 1.000 2.000
6.000 6.000 3.000
1.000 2.000 1.000
2.000 1.000 3.000
1.000 2.000 2.000
1.000 2.000 1.000
2.000 2.000 2.000
2.000 1.000 1.000
5.000 8.000 3.000
8.000 5.000 5.000
2.000 1.000 2.000
4.000 1.000 3.000
3.000 2.000 1.000
1.000 1.000 1.000
1.000 2.000 3.000
1.000 1.000 1.000
1.000 1.000 2.000
5.000 6.000 4.000
1.000 2.000 2.000
2.000 2.000 2.000
3.000 2.000 2.000
3.000 3.000 3.000
2.000 1.000 3.000
1.000 2.000 1.000
2.000 2.000 1.000
2.000 2.000 1.000
8.000 12.000 9.000
2.000 1.000 3.000
3.000 3.000 2.000
1.000 1.000 2.000
3.000 4.000 1.000
1.000 3.000 1.000
4.000 4.000 2.000
1.000 2.000 2.000
2.000 5.000 4.000
3.000 3.000 2.000
6.000 3.000 1.000
9.000 4.000 3.000
4.000 3.000 3.000
2.000 1.000 1.000
1.000 1.000 2.000
7.000 6.000 4.000
2.000 2.000 1.000
2.000 1.000 1.000
1.000 1.000 1.000
1.000 1.000 2.000
1.000 2.000 1.000
3.000 3.000 1.000
3.000 2.000 3.000
2.000 1.000 2.000
1.000 2.000 2.000
6.000 1.000 8.000
2.000 1.000 2.000
2.000 2.000 2.000
1.000 1.000 1.000
1.000 1.000 3.000
2.000 2.000 2.000
1.000 2.000 2.000
2.000 2.000 2.000
2.000 4.000 2.000
2.000 2.000 1.000
2.000 2.000 2.000
1.000 2.000 2.000
3.000 2.000 2.000
2.000 2.000 1.000
4.000 2.000 4.000
2.000 3.000 1.000
2.000 1.000 1.000
2.000 2.000 2.000
2.000 2.000 2.000
2.000 2.000 1.000
4.000 2.000 3.000
1.000 2.000 2.000
4.000 2.000 4.000
2.000 1.000 1.000
1.000 2.000 2.000
2.000 2.000 1.000
2.000 2.000 1.000
2.000 1.000 2.000
3.000 3.000 2.000
2.000 2.000 1.000
3.000 1.000 1.000
5.000 3.000 1.000
2.000 1.000 3.000
6.000 6.000 2.000
8.000 10.000 3.000
1.000 2.000 2.000
3.000 2.000 1.000
4.000 1.000 4.000
2.000 1.000 2.000
1.000 4.000 4.000
2.000 2.000 2.000
1.000 2.000 2.000
1.000 1.000 1.000
2.000 1.000 1.000
1.000 2.000 1.000
1.000 2.000 2.000
3.000 3.000 3.000
4.000 2.000 3.000
2.000 1.000 3.000
1.000 3.000 3.000
1.000 2.000 3.000
2.000 1.000 2.000
1.000 1.000 1.000
3.000 3.000 1.000
1.000 5.000 1.000
1.000 1.000 1.000
2.000 1.000 1.000
2.000 1.000 1.000
1.000 2.000 1.000
2.000 1.000 1.000
3.000 2.000 2.000
2.000 2.000 1.000
2.000 1.000 2.000
4.000 1.000 1.000
4.000 3.000 1.000
6.000 5.000 1.000
3.000 2.000 3.000
2.000 2.000 2.000
1.000 1.000 2.000
3.000 3.000 2.000
3.000 4.000 1.000
3.000 1.000 3.000
1.000 2.000 2.000
1.000 2.000 1.000
3.000 2.000 3.000
2.000 2.000 2.000
5.000 4.000 3.000
2.000 2.000 2.000
1.000 1.000 2.000
1.000 3.000 2.000
1.000 2.000 1.000
3.000 1.000 2.000
2.000 2.000 2.000
1.000 2.000 2.000
2.000 6.000 6.000
2.000 1.000 3.000
2.000 1.000 1.000
5.000 3.000 5.000
1.000 3.000 3.000
2.000 2.000 2.000
1.000 1.000 2.000
1.000 2.000 1.000
3.000 1.000 3.000
1.000 2.000 2.000
1.000 1.000 2.000
2.000 2.000 2.000
3.000 3.000 1.000
3.000 3.000 2.000
2.000 2.000 1.000
2.000 1.000 3.000
2.000 2.000 3.000
1.000 1.000 2.000
4.000 4.000 2.000
1.000 2.000 2.000
3.000 2.000 3.000
1.000 2.000 1.000
2.000 1.000 2.000
1.000 1.000 1.000
1.000 2.000 1.000
1.000 1.000 1.000
3.000 2.000 4.000
3.000 2.000 2.000
1.000 1.000 1.000
1.000 3.000 3.000
2.000 3.000 3.000
1.000 2.000 2.000
2.000 2.000 1.000
1.000 3.000 3.000
2.000 2.000 2.000
1.000 1.000 1.000
1.000 2.000 1.000
1.000 1.000 1.000
1.000 2.000 2.000
2.000 2.000 1.000
1.000 1.000 2.000
2.000 2.000 2.000
2.000 3.000 3.000
3.000 3.000 2.000
3.000 3.000 1.000
2.000 2.000 1.000
7.000 7.000 2.000
5.000 2.000 6.000
1.000 2.000 3.000
2.000 2.000 3.000
2.000 6.000 3.000
6.000 5.000 7.000
2.000 1.000 1.000
3.000 3.000 2.000
1.000 2.000 2.000
3.000 2.000 4.000
2.000 1.000 2.000
2.000 1.000 1.000
5.000 3.000 5.000
1.000 2.000 1.000
1.000 1.000 1.000
2.000 2.000 2.000
1.000 1.000 2.000
1.000 2.000 2.000
2.000 1.000 2.000
3.000 4.000 4.000
2.000 2.000 2.000
1.000 2.000 4.000
1.000 1.000 4.000
2.000 2.000 3.000
2.000 3.000 1.000
1.000 3.000 1.000
2.000 2.000 2.000
5.000 5.000 2.000
2.000 3.000 4.000
1.000 1.000 2.000
3.000 2.000 1.000
1.000 2.000 2.000
3.000 5.000 5.000
2.000 1.000 1.000
2.000 2.000 1.000
2.000 2.000 6.000
1.000 2.000 1.000
2.000 1.000 1.000
3.000 2.000 3.000
1.000 2.000 1.000
1.000 1.000 2.000
2.000 1.000 1.000
1.000 2.000 2.000
1.000 4.000 4.000
1.000 2.000 4.000
1.000 3.000 3.000
4.000 1.000 1.000
1.000 1.000 3.000
4.000 3.000 2.000
1.000 2.000 1.000
1.000 1.000 3.000
2.000 3.000 3.000
1.000 2.000 1.000
1.000 2.000 1.000
2.000 2.000 1.000
2.000 1.000 1.000
2.000 1.000 1.000
2.000 1.000 2.000
3.000 2.000 2.000
2.000 1.000 1.000
3.000 2.000 1.000
3.000 2.000 2.000
2.000 1.000 1.000
2.000 1.000 1.000
2.000 2.000 1.000
2.000 4.000 5.000
2.000 1.000 1.000
2.000 2.000 2.000
3.000 1.000 1.000
1.000 1.000 1.000
1.000 3.000 3.000
1.000 2.000 1.000
1.000 2.000 2.000
2.000 1.000 2.000
2.000 1.000 2.000
2.000 1.000 2.000
2.000 3.000 3.000
1.000 1.000 2.000
2.000 1.000 3.000
7.000 8.000 3.000
3.000 4.000 5.000
2.000 1.000 2.000
2.000 2.000 2.000
5.000 4.000 2.000
1.000 2.000 2.000
2.000 2.000 3.000
1.000 4.000 2.000
2.000 3.000 1.000
2.000 3.000 2.000
4.000 4.000 3.000
1.000 2.000 1.000
2.000 2.000 1.000
2.000 2.000 1.000
1.000 4.000 2.000
2.000 2.000 2.000
2.000 1.000 1.000
2.000 2.000 2.000
1.000 1.000 3.000
2.000 2.000 3.000
2.000 1.000 2.000
1.000 2.000 2.000
1.000 2.000 1.000
1.000 2.000 2.000
3.000 2.000 3.000
1.000 1.000 1.000
1.000 1.000 2.000
4.000 1.000 2.000
2.000 1.000 1.000
1.000 2.000 2.000
4.000 2.000 4.000
2.000 1.000 2.000
2.000 1.000 2.000
1.000 4.000 5.000
2.000 2.000 2.000
1.000 2.000 2.000
2.000 1.000 2.000
1.000 2.000 1.000
2.000 2.000 3.000
1.000 2.000 1.000
1.000 1.000 1.000
2.000 3.000 2.000
7.000 2.000 3.000
1.000 1.000 2.000
1.000 1.000 1.000
1.000 2.000 1.000
2.000 2.000 1.000
10.000 2.000 2.000
2.000 1.000 2.000
3.000 2.000 1.000
1.000 3.000 3.000
3.000 3.000 3.000
3.000 3.000 3.000
1.000 1.000 3.000
2.000 1.000 1.000
2.000 1.000 1.000
1.000 2.000 2.000
2.000 2.000 1.000
1.000 2.000 1.000
1.000 2.000 2.000
1.000 1.000 2.000
1.000 2.000 1.000
1.000 2.000 3.000
2.000 2.000 2.000
3.000 3.000 2.000
2.000 2.000 2.000
1.000 2.000 1.000
1.000 1.000 1.000
1.000 2.000 2.000
1.000 1.000 2.000
2.000 2.000 1.000
1.000 3.000 2.000
2.000 1.000 2.000
1.000 1.000 1.000
2.000 2.000 1.000
1.000 1.000 1.000
4.000 3.000 4.000
2.000 1.000 1.000
3.000 1.000 2.000
2.000 2.000 1.000
1.000 2.000 1.000
3.000 1.000 2.000
6.000 5.000 6.000
2.000 2.000 2.000
2.000 1.000 2.000
2.000 1.000 1.000
2.000 1.000 1.000
1.000 2.000 1.000
2.000 2.000 2.000
2.000 2.000 1.000
1.000 1.000 1.000
1.000 2.000 1.000
2.000 2.000 1.000
1.000 3.000 1.000
5.000 5.000 2.000
2.000 2.000 3.000
2.000 1.000 1.000
2.000 2.000 1.000
1.000 2.000 1.000
5.000 4.000 2.000
2.000 1.000 2.000
2.000 1.000 2.000
3.000 3.000 2.000
2.000 2.000 2.000
2.000 1.000 1.000
1.000 2.000 1.000
2.000 1.000 1.000
2.000 1.000 2.000
1.000 2.000 2.000
1.000 3.000 1.000
1.000 3.000 1.000
1.000 2.000 2.000
1.000 2.000 2.000
1.000 3.000 3.000
4.000 2.000 5.000
1.000 1.000 1.000
1.000 1.000 2.000
2.000 1.000 3.000
2.000 1.000 1.000
2.000 1.000 2.000
1.000 2.000 2.000
3.000 5.000 5.000
2.000 1.000 2.000
3.000 3.000 1.000
1.000 2.000 1.000
2.000 1.000 1.000
2.000 2.000 2.000
1.000 2.000 2.000
2.000 2.000 3.000
4.000 3.000 3.000
4.000 4.000 2.000
1.000 2.000 2.000
2.000 1.000 2.000
5.000 4.000 1.000
2.000 2.000 1.000
4.000 1.000 1.000
3.000 3.000 3.000
1.000 1.000 1.000
3.000 1.000 1.000
1.000 1.000 2.000
2.000 2.000 2.000
2.000 2.000 2.000
1.000 2.000 1.000
2.000 1.000 1.000
1.000 1.000 1.000
1.000 1.000 2.000
2.000 2.000 1.000
2.000 3.000 1.000
2.000 1.000 1.000
2.000 1.000 1.000
2.000 1.000 2.000
3.000 2.000 1.000
3.000 3.000 3.000
3.000 2.000 2.000
3.000 2.000 3.000
1.000 1.000 2.000
2.000 2.000 2.000
1.000 2.000 2.000
1.000 3.000 3.000
3.000 2.000 2.000
1.000 3.000 3.000
3.000 1.000 2.000
1.000 2.000 1.000
1.000 2.000 2.000
2.000 1.000 2.000
1.000 1.000 2.000
2.000 2.000 1.000
1.000 2.000 2.000
1.000 1.000 2.000
1.000 1.000 1.000
1.000 1.000 2.000
1.000 3.000 2.000
2.000 3.000 4.000
2.000 1.000 1.000
2.000 2.000 2.000
1.000 1.000 3.000
2.000 1.000 2.000
2.000 1.000 2.000
2.000 2.000 1.000
2.000 1.000 1.000
2.000 1.000 1.000
2.000 1.000 2.000
2.000 1.000 2.000
2.000 1.000 1.000
2.000 3.000 1.000
3.000 1.000 1.000
1.000 1.000 4.000
3.000 1.000 3.000
1.000 1.000 2.000
2.000 3.000 3.000
2.000 2.000 1.000
1.000 1.000 1.000
1.000 1.000 1.000
2.000 1.000 1.000
1.000 1.000 1.000
2.000 2.000 1.000
2.000 2.000 1.000
2.000 3.000 4.000
1.000 2.000 2.000
1.000 1.000 2.000
1.000 2.000 1.000
1.000 2.000 2.000
2.000 1.000 2.000
3.000 1.000 1.000
1.000 2.000 1.000
1.000 1.000 1.000
1.000 1.000 2.000
2.000 2.000 2.000
4.000 3.000 4.000
2.000 1.000 2.000
2.000 2.000 2.000
2.000 1.000 2.000
2.000 1.000 1.000
1.000 2.000 1.000
2.000 1.000 1.000
1.000 2.000 1.000
1.000 2.000 2.000
2.000 2.000 2.000
2.000 2.000 1.000
2.000 2.000 2.000
2.000 1.000 1.000
1.000 1.000 1.000
1.000 1.000 2.000
2.000 2.000 2.000
2.000 1.000 2.000
2.000 1.000 2.000
2.000 1.000 1.000
2.000 1.000 1.000
2.000 1.000 1.000
1.000 2.000 2.000
1.000 3.000 1.000
1.000 1.000 2.000
2.000 2.000 2.000
1.000 2.000 1.000
4.000 1.000 2.000
2.000 2.000 2.000
1.000 3.000 1.000
2.000 1.000 2.000
2.000 2.000 2.000
2.000 1.000 2.000
1.000 2.000 1.000
2.000 1.000 2.000
2.000 1.000 2.000
2.000 2.000 2.000
2.000 2.000 3.000
1.000 1.000 2.000
2.000 1.000 1.000
1.000 1.000 1.000
2.000 2.000 1.000
1.000 1.000 2.000
2.000 1.000 1.000
1.000 1.000 1.000
2.000 1.000 1.000
1.000 2.000 1.000
1.000 2.000 3.000
2.000 2.000 2.000
1.000 1.000 1.000
2.000 1.000 2.000
2.000 2.000 1.000
4.000 3.000 4.000
1.000 1.000 1.000
1.000 2.000 3.000
1.000 1.000 1.000
2.000 2.000 2.000
1.000 4.000 3.000
3.000 2.000 3.000
2.000 1.000 2.000
2.000 2.000 1.000
2.000 1.000 2.000
1.000 1.000 2.000
2.000 3.000 1.000
1.000 1.000 2.000
2.000 1.000 2.000
2.000 2.000 1.000
2.000 1.000 1.000
1.000 2.000 1.000
1.000 2.000 1.000
