29.000 8.000 29.000
1.000 2.000 1.000
6.000 2.000 3.000
8.000 6.000 10.000
11.000 7.000 2.000
10.000 13.000 3.000
3.000 6.000 15.000
12.000 15.000 12.000
12.000 13.000 1.000
3.000 11.000 5.000
11.000 10.000 2.000
14.000 4.000 15.000
11.000 15.000 9.000
7.000 12.000 3.000
9.000 14.000 4.000
3.000 10.000 14.000
13.000 9.000 11.000
29.000 63.000 44.000
1.000 17.000 4.000
19.000 30.000 41.000
28.000 14.000 12.000
68.000 4.000 9.000
26.000 1.000 49.000
32.000 87.000 21.000
28.000 1.000 63.000
70.000 49.000 42.000
35.000 33.000 59.000
71.000 54.000 73.000
4.000 10.000 2.000
2.000 8.000 9.000
2.000 12.000 13.000
6.000 15.000 2.000
2.000 12.000 8.000
10.000 8.000 9.000
9.000 19.000 22.000
5.000 14.000 16.000
111.000 121.000 105.000
1.000 6.000 8.000
6.000 2.000 2.000
16.000 34.000 11.000
1.000 2.000 13.000
2.000 2.000 3.000
11.000 4.000 10.000
14.000 28.000 92.000
30.000 71.000 21.000
67.000 92.000 11.000
79.000 48.000 29.000
99.000 47.000 41.000
29.000 26.000 49.000
59.000 102.000 62.000
25.000 90.000 58.000
5.000 89.000 63.000
85.000 25.000 76.000
6.000 7.000 8.000
1.000 3.000 1.000
2.000 4.000 6.000
3.000 4.000 5.000
1.000 1.000 2.000
15.000 3.000 10.000
5.000 4.000 3.000
2.000 1.000 3.000
2.000 14.000 9.000
7.000 6.000 5.000
3.000 4.000 1.000
10.000 14.000 2.000
8.000 2.000 5.000
4.000 4.000 2.000
9.000 9.000 13.000
7.000 8.000 3.000
3.000 4.000 4.000
9.000 6.000 8.000
6.000 5.000 4.000
1.000 2.000 3.000
14.000 13.000 1.000
2.000 4.000 4.000
4.000 2.000 2.000
8.000 4.000 15.000
2.000 6.000 4.000
3.000 2.000 4.000
4.000 9.000 11.000
36.000 1.000 10.000
36.000 35.000 30.000
35.000 3.000 40.000
21.000 33.000 24.000
35.000 18.000 13.000
34.000 20.000 2.000
5.000 39.000 6.000
16.000 2.000 12.000
34.000 39.000 37.000
2.000 4.000 4.000
8.000 6.000 8.000
2.000 7.000 7.000
2.000 2.000 4.000
1.000 9.000 2.000
2.000 5.000 4.000
37.000 45.000 26.000
8.000 15.000 2.000
1.000 1.000 4.000
15.000 8.000 9.000
4.000 1.000 3.000
29.000 16.000 39.000
4.000 2.000 3.000
1.000 4.000 4.000
10.000 19.000 2.000
4.000 2.000 2.000
2.000 31.000 13.000
3.000 4.000 4.000
4.000 2.000 6.000
40.000 27.000 28.000
19.000 19.000 8.000
43.000 30.000 44.000
41.000 16.000 32.000
3.000 3.000 10.000
15.000 34.000 26.000
6.000 16.000 39.000
8.000 41.000 10.000
25.000 44.000 6.000
1.000 17.000 15.000
37.000 22.000 16.000
2.000 18.000 35.000
25.000 43.000 31.000
40.000 35.000 27.000
27.000 13.000 5.000
22.000 35.000 32.000
17.000 33.000 24.000
10.000 33.000 31.000
16.000 41.000 9.000
9.000 13.000 32.000
41.000 17.000 2.000
6.000 16.000 43.000
26.000 14.000 29.000
39.000 6.000 16.000
28.000 22.000 27.000
15.000 32.000 9.000
27.000 4.000 32.000
9.000 33.000 34.000
20.000 34.000 13.000
7.000 44.000 41.000
44.000 2.000 4.000
7.000 39.000 37.000
38.000 15.000 17.000
26.000 25.000 2.000
37.000 27.000 36.000
43.000 27.000 35.000
39.000 26.000 11.000
16.000 38.000 5.000
15.000 34.000 13.000
21.000 18.000 25.000
30.000 43.000 22.000
43.000 24.000 2.000
4.000 18.000 17.000
6.000 22.000 39.000
41.000 9.000 20.000
10.000 30.000 35.000
34.000 34.000 3.000
6.000 27.000 16.000
40.000 22.000 5.000
36.000 3.000 22.000
3.000 15.000 5.000
18.000 4.000 13.000
1.000 8.000 14.000
6.000 1.000 1.000
4.000 4.000 4.000
11.000 10.000 1.000
1.000 2.000 5.000
15.000 3.000 9.000
6.000 8.000 17.000
3.000 6.000 1.000
1.000 1.000 4.000
2.000 5.000 1.000
7.000 12.000 7.000
1.000 7.000 5.000
16.000 3.000 2.000
8.000 5.000 11.000
2.000 13.000 17.000
1.000 8.000 20.000
1.000 14.000 13.000
2.000 1.000 2.000
24.000 9.000 18.000
7.000 4.000 5.000
4.000 5.000 6.000
5.000 11.000 8.000
1.000 3.000 1.000
10.000 10.000 4.000
6.000 3.000 5.000
1.000 3.000 2.000
2.000 3.000 1.000
10.000 23.000 10.000
8.000 12.000 8.000
5.000 2.000 2.000
17.000 6.000 15.000
17.000 3.000 17.000
11.000 5.000 1.000
16.000 11.000 13.000
9.000 8.000 20.000
2.000 5.000 14.000
4.000 5.000 2.000
4.000 1.000 2.000
16.000 14.000 12.000
9.000 18.000 15.000
1.000 5.000 6.000
8.000 1.000 5.000
4.000 5.000 1.000
3.000 6.000 14.000
11.000 13.000 7.000
6.000 5.000 16.000
4.000 10.000 3.000
6.000 7.000 7.000
7.000 9.000 4.000
14.000 12.000 5.000
7.000 5.000 1.000
1.000 4.000 4.000
3.000 1.000 4.000
33.000 5.000 29.000
5.000 2.000 9.000
1.000 3.000 5.000
7.000 2.000 5.000
2.000 4.000 1.000
9.000 22.000 12.000
23.000 4.000 3.000
1.000 2.000 1.000
7.000 13.000 8.000
13.000 2.000 8.000
4.000 10.000 8.000
13.000 6.000 11.000
10.000 14.000 5.000
8.000 5.000 7.000
5.000 3.000 7.000
3.000 4.000 2.000
1.000 2.000 2.000
13.000 5.000 2.000
6.000 1.000 11.000
1.000 4.000 6.000
7.000 7.000 3.000
13.000 1.000 13.000
12.000 4.000 1.000
1.000 1.000 6.000
5.000 4.000 2.000
6.000 4.000 2.000
1.000 3.000 2.000
1.000 3.000 4.000
8.000 4.000 16.000
10.000 11.000 2.000
3.000 8.000 1.000
1.000 2.000 13.000
2.000 4.000 4.000
5.000 5.000 5.000
4.000 1.000 2.000
2.000 4.000 3.000
1.000 2.000 3.000
3.000 2.000 5.000
1.000 3.000 2.000
2.000 3.000 4.000
6.000 4.000 2.000
12.000 11.000 2.000
2.000 2.000 2.000
11.000 28.000 20.000
4.000 2.000 4.000
4.000 3.000 2.000
25.000 15.000 33.000
5.000 3.000 6.000
8.000 1.000 8.000
3.000 3.000 3.000
11.000 9.000 11.000
3.000 4.000 7.000
4.000 1.000 2.000
14.000 13.000 18.000
5.000 4.000 3.000
7.000 4.000 6.000
2.000 19.000 3.000
26.000 17.000 22.000
1.000 8.000 8.000
5.000 1.000 5.000
4.000 2.000 2.000
3.000 5.000 4.000
11.000 13.000 2.000
6.000 2.000 2.000
2.000 4.000 11.000
2.000 14.000 2.000
2.000 6.000 13.000
5.000 9.000 10.000
11.000 7.000 10.000
1.000 9.000 5.000
8.000 11.000 2.000
4.000 13.000 6.000
3.000 6.000 5.000
7.000 13.000 8.000
23.000 47.000 49.000
8.000 4.000 6.000
7.000 3.000 2.000
30.000 28.000 15.000
7.000 1.000 3.000
3.000 2.000 1.000
8.000 14.000 13.000
4.000 5.000 2.000
1.000 3.000 2.000
11.000 8.000 8.000
3.000 2.000 2.000
3.000 3.000 1.000
11.000 1.000 15.000
1.000 4.000 4.000
4.000 2.000 2.000
10.000 13.000 11.000
2.000 8.000 3.000
1.000 1.000 3.000
10.000 14.000 11.000
3.000 7.000 2.000
4.000 2.000 3.000
5.000 4.000 14.000
4.000 4.000 1.000
4.000 3.000 2.000
7.000 3.000 6.000
1.000 8.000 4.000
4.000 2.000 1.000
12.000 9.000 14.000
1.000 7.000 8.000
1.000 1.000 4.000
2.000 10.000 5.000
1.000 7.000 6.000
4.000 1.000 4.000
15.000 7.000 7.000
4.000 1.000 1.000
2.000 2.000 3.000
7.000 4.000 9.000
4.000 2.000 3.000
7.000 5.000 2.000
12.000 10.000 5.000
15.000 11.000 12.000
2.000 14.000 6.000
6.000 5.000 2.000
6.000 3.000 11.000
10.000 5.000 14.000
4.000 1.000 13.000
9.000 6.000 5.000
4.000 14.000 4.000
15.000 14.000 4.000
6.000 5.000 3.000
2.000 5.000 5.000
5.000 1.000 8.000
8.000 5.000 8.000
1.000 1.000 4.000
8.000 5.000 1.000
5.000 6.000 1.000
3.000 4.000 1.000
12.000 7.000 13.000
6.000 1.000 2.000
3.000 3.000 1.000
7.000 10.000 12.000
6.000 3.000 7.000
2.000 3.000 1.000
3.000 9.000 11.000
1.000 8.000 8.000
2.000 1.000 1.000
10.000 1.000 12.000
8.000 8.000 4.000
1.000 4.000 1.000
2.000 10.000 1.000
3.000 7.000 6.000
2.000 1.000 4.000
4.000 9.000 8.000
2.000 8.000 3.000
2.000 1.000 3.000
15.000 2.000 8.000
2.000 3.000 6.000
2.000 2.000 2.000
1.000 5.000 3.000
1.000 7.000 2.000
2.000 1.000 2.000
4.000 3.000 1.000
3.000 4.000 6.000
3.000 4.000 7.000
8.000 15.000 2.000
6.000 2.000 1.000
5.000 3.000 7.000
8.000 11.000 10.000
4.000 12.000 15.000
3.000 5.000 6.000
5.000 10.000 13.000
6.000 14.000 4.000
10.000 13.000 5.000
1.000 7.000 2.000
1.000 1.000 5.000
1.000 3.000 8.000
5.000 6.000 6.000
4.000 3.000 3.000
4.000 4.000 3.000
6.000 1.000 4.000
4.000 2.000 3.000
4.000 3.000 5.000
5.000 2.000 4.000
2.000 1.000 2.000
2.000 3.000 1.000
3.000 6.000 5.000
3.000 4.000 4.000
4.000 3.000 4.000
6.000 2.000 7.000
4.000 2.000 3.000
5.000 4.000 1.000
5.000 7.000 8.000
4.000 3.000 1.000
2.000 5.000 2.000
2.000 5.000 5.000
1.000 1.000 4.000
2.000 5.000 2.000
8.000 6.000 4.000
1.000 4.000 2.000
3.000 3.000 2.000
1.000 8.000 3.000
4.000 1.000 2.000
4.000 5.000 2.000
5.000 1.000 3.000
3.000 3.000 1.000
3.000 4.000 4.000
2.000 3.000 5.000
15.000 7.000 1.000
5.000 14.000 11.000
6.000 4.000 9.000
7.000 1.000 9.000
7.000 8.000 15.000
12.000 7.000 2.000
11.000 13.000 9.000
5.000 2.000 12.000
12.000 8.000 14.000
7.000 7.000 11.000
2.000 8.000 6.000
1.000 2.000 3.000
3.000 1.000 2.000
7.000 8.000 5.000
4.000 2.000 2.000
3.000 5.000 4.000
2.000 5.000 7.000
1.000 1.000 2.000
1.000 1.000 3.000
7.000 2.000 4.000
3.000 3.000 3.000
5.000 3.000 5.000
5.000 1.000 4.000
3.000 3.000 4.000
4.000 3.000 4.000
4.000 3.000 4.000
4.000 2.000 2.000
2.000 1.000 3.000
7.000 4.000 3.000
1.000 4.000 1.000
5.000 2.000 2.000
6.000 5.000 6.000
3.000 1.000 3.000
4.000 5.000 1.000
6.000 5.000 3.000
4.000 3.000 1.000
1.000 3.000 4.000
7.000 6.000 3.000
2.000 3.000 3.000
3.000 2.000 3.000
2.000 3.000 6.000
2.000 3.000 1.000
3.000 3.000 5.000
5.000 2.000 5.000
6.000 7.000 6.000
8.000 8.000 3.000
5.000 6.000 3.000
1.000 4.000 1.000
3.000 3.000 2.000
3.000 5.000 2.000
2.000 2.000 3.000
5.000 1.000 3.000
1.000 1.000 1.000
1.000 5.000 4.000
9.000 12.000 6.000
4.000 3.000 2.000
12.000 11.000 4.000
4.000 1.000 4.000
12.000 11.000 3.000
1.000 2.000 1.000
2.000 9.000 10.000
3.000 4.000 4.000
10.000 6.000 6.000
2.000 1.000 1.000
2.000 6.000 4.000
5.000 2.000 5.000
3.000 5.000 9.000
1.000 3.000 1.000
5.000 3.000 4.000
5.000 4.000 4.000
4.000 6.000 5.000
1.000 6.000 2.000
2.000 6.000 5.000
3.000 3.000 4.000
6.000 11.000 1.000
4.000 4.000 5.000
13.000 13.000 6.000
5.000 4.000 4.000
3.000 2.000 3.000
2.000 4.000 5.000
5.000 4.000 1.000
5.000 5.000 3.000
3.000 4.000 3.000
4.000 1.000 4.000
5.000 1.000 1.000
3.000 3.000 3.000
7.000 5.000 7.000
7.000 1.000 1.000
6.000 7.000 2.000
2.000 4.000 3.000
3.000 1.000 1.000
5.000 4.000 5.000
8.000 5.000 2.000
33.000 26.000 37.000
3.000 6.000 5.000
6.000 7.000 7.000
2.000 5.000 2.000
1.000 5.000 2.000
1.000 3.000 3.000
6.000 5.000 2.000
1.000 6.000 1.000
7.000 3.000 10.000
26.000 31.000 60.000
60.000 71.000 46.000
2.000 5.000 5.000
14.000 12.000 3.000
1.000 5.000 8.000
2.000 1.000 2.000
4.000 4.000 4.000
3.000 6.000 7.000
2.000 3.000 5.000
3.000 2.000 3.000
1.000 4.000 2.000
5.000 1.000 6.000
3.000 3.000 3.000
4.000 3.000 2.000
2.000 3.000 3.000
4.000 5.000 1.000
4.000 3.000 4.000
2.000 4.000 1.000
1.000 12.000 17.000
1.000 25.000 39.000
18.000 2.000 16.000
2.000 1.000 4.000
3.000 6.000 7.000
2.000 1.000 1.000
41.000 34.000 45.000
29.000 56.000 51.000
21.000 23.000 41.000
1.000 7.000 7.000
6.000 3.000 3.000
2.000 3.000 5.000
4.000 4.000 2.000
4.000 3.000 2.000
2.000 4.000 2.000
7.000 2.000 4.000
1.000 2.000 2.000
2.000 15.000 18.000
3.000 1.000 4.000
6.000 2.000 3.000
7.000 1.000 6.000
3.000 4.000 4.000
18.000 17.000 15.000
8.000 10.000 3.000
5.000 3.000 4.000
7.000 2.000 6.000
27.000 28.000 4.000
3.000 2.000 1.000
6.000 3.000 5.000
4.000 6.000 5.000
6.000 6.000 1.000
8.000 5.000 9.000
8.000 2.000 9.000
8.000 6.000 8.000
7.000 3.000 8.000
3.000 9.000 8.000
2.000 1.000 3.000
2.000 7.000 2.000
3.000 9.000 4.000
7.000 9.000 3.000
7.000 4.000 7.000
7.000 2.000 6.000
9.000 7.000 9.000
7.000 1.000 3.000
9.000 7.000 8.000
4.000 1.000 1.000
8.000 4.000 7.000
6.000 3.000 6.000
9.000 6.000 4.000
9.000 8.000 6.000
7.000 2.000 7.000
3.000 2.000 4.000
4.000 8.000 1.000
2.000 2.000 8.000
1.000 2.000 5.000
2.000 9.000 9.000
7.000 4.000 4.000
3.000 3.000 3.000
9.000 7.000 6.000
8.000 2.000 8.000
2.000 13.000 3.000
8.000 8.000 4.000
5.000 1.000 12.000
5.000 6.000 6.000
6.000 56.000 41.000
1.000 1.000 3.000
1.000 2.000 2.000
2.000 1.000 1.000
6.000 3.000 2.000
3.000 1.000 3.000
8.000 2.000 11.000
6.000 5.000 2.000
10.000 13.000 9.000
18.000 42.000 37.000
4.000 4.000 5.000
4.000 2.000 4.000
29.000 16.000 6.000
52.000 32.000 45.000
7.000 7.000 7.000
1.000 2.000 1.000
4.000 2.000 1.000
2.000 5.000 4.000
5.000 7.000 6.000
2.000 4.000 2.000
3.000 5.000 2.000
2.000 7.000 4.000
3.000 4.000 2.000
2.000 5.000 5.000
2.000 13.000 9.000
3.000 5.000 4.000
1.000 6.000 1.000
2.000 4.000 2.000
3.000 1.000 3.000
2.000 7.000 5.000
2.000 3.000 4.000
2.000 1.000 1.000
3.000 5.000 2.000
39.000 11.000 50.000
4.000 5.000 3.000
4.000 2.000 1.000
3.000 2.000 4.000
4.000 7.000 6.000
7.000 5.000 2.000
1.000 4.000 2.000
4.000 3.000 1.000
3.000 10.000 3.000
2.000 6.000 1.000
5.000 1.000 7.000
3.000 4.000 1.000
2.000 1.000 3.000
1.000 5.000 5.000
13.000 4.000 7.000
10.000 33.000 4.000
3.000 1.000 2.000
44.000 8.000 61.000
3.000 2.000 2.000
4.000 2.000 4.000
6.000 7.000 1.000
1.000 5.000 6.000
4.000 3.000 1.000
6.000 2.000 5.000
1.000 6.000 5.000
66.000 14.000 2.000
2.000 2.000 4.000
1.000 2.000 4.000
2.000 6.000 2.000
7.000 3.000 1.000
4.000 3.000 4.000
9.000 26.000 14.000
5.000 18.000 14.000
2.000 1.000 4.000
2.000 2.000 6.000
2.000 4.000 2.000
4.000 3.000 3.000
1.000 1.000 1.000
3.000 4.000 1.000
2.000 5.000 4.000
2.000 3.000 2.000
4.000 3.000 2.000
3.000 5.000 1.000
10.000 8.000 6.000
3.000 12.000 5.000
6.000 1.000 2.000
4.000 2.000 1.000
2.000 2.000 1.000
5.000 6.000 2.000
2.000 4.000 1.000
28.000 8.000 41.000
5.000 1.000 6.000
1.000 4.000 4.000
2.000 2.000 1.000
6.000 2.000 2.000
6.000 2.000 6.000
1.000 1.000 3.000
11.000 9.000 4.000
4.000 9.000 12.000
1.000 4.000 3.000
13.000 12.000 5.000
1.000 11.000 13.000
4.000 3.000 6.000
2.000 3.000 3.000
3.000 1.000 3.000
7.000 5.000 5.000
1.000 5.000 4.000
4.000 2.000 10.000
1.000 4.000 2.000
4.000 2.000 2.000
7.000 3.000 6.000
3.000 1.000 4.000
1.000 3.000 4.000
13.000 17.000 1.000
4.000 11.000 8.000
3.000 9.000 9.000
2.000 2.000 3.000
10.000 9.000 9.000
4.000 3.000 2.000
4.000 4.000 2.000
2.000 3.000 6.000
2.000 5.000 14.000
2.000 4.000 2.000
7.000 2.000 1.000
2.000 2.000 2.000
4.000 4.000 4.000
7.000 1.000 1.000
14.000 8.000 11.000
10.000 2.000 10.000
10.000 7.000 1.000
9.000 8.000 7.000
4.000 4.000 2.000
4.000 1.000 1.000
1.000 1.000 2.000
1.000 4.000 3.000
6.000 4.000 5.000
1.000 1.000 3.000
2.000 4.000 8.000
2.000 1.000 6.000
2.000 4.000 1.000
1.000 1.000 1.000
3.000 7.000 3.000
5.000 1.000 3.000
2.000 1.000 3.000
4.000 4.000 1.000
3.000 3.000 2.000
3.000 5.000 5.000
1.000 4.000 2.000
10.000 23.000 18.000
9.000 4.000 5.000
4.000 6.000 6.000
4.000 4.000 1.000
3.000 4.000 1.000
1.000 5.000 1.000
1.000 4.000 2.000
8.000 50.000 12.000
2.000 6.000 1.000
7.000 4.000 6.000
3.000 2.000 4.000
4.000 3.000 4.000
5.000 5.000 1.000
5.000 7.000 7.000
3.000 4.000 2.000
5.000 12.000 7.000
4.000 6.000 4.000
3.000 5.000 10.000
39.000 36.000 12.000
2.000 3.000 3.000
5.000 2.000 3.000
15.000 8.000 1.000
4.000 1.000 3.000
6.000 5.000 1.000
4.000 4.000 2.000
4.000 2.000 2.000
3.000 3.000 4.000
1.000 5.000 6.000
1.000 2.000 4.000
3.000 2.000 4.000
3.000 4.000 1.000
5.000 4.000 1.000
1.000 4.000 2.000
4.000 2.000 3.000
2.000 5.000 5.000
2.000 2.000 6.000
15.000 13.000 54.000
3.000 2.000 1.000
1.000 4.000 4.000
5.000 1.000 7.000
4.000 5.000 3.000
3.000 1.000 4.000
3.000 6.000 4.000
3.000 4.000 6.000
1.000 4.000 5.000
1.000 2.000 1.000
2.000 4.000 2.000
7.000 2.000 6.000
3.000 8.000 2.000
1.000 9.000 9.000
1.000 5.000 1.000
4.000 4.000 1.000
1.000 4.000 1.000
3.000 4.000 7.000
3.000 2.000 2.000
3.000 4.000 4.000
2.000 2.000 1.000
7.000 4.000 3.000
6.000 1.000 6.000
1.000 1.000 4.000
4.000 1.000 2.000
1.000 5.000 6.000
6.000 5.000 1.000
2.000 1.000 1.000
4.000 4.000 1.000
2.000 7.000 4.000
4.000 4.000 4.000
1.000 4.000 7.000
1.000 2.000 2.000
2.000 4.000 2.000
2.000 2.000 5.000
11.000 19.000 14.000
4.000 9.000 4.000
3.000 1.000 3.000
4.000 4.000 1.000
1.000 1.000 2.000
2.000 7.000 2.000
3.000 2.000 1.000
4.000 3.000 1.000
1.000 1.000 4.000
1.000 1.000 6.000
4.000 4.000 5.000
5.000 6.000 4.000
8.000 8.000 8.000
3.000 1.000 1.000
2.000 5.000 3.000
3.000 4.000 1.000
1.000 3.000 6.000
4.000 5.000 2.000
7.000 4.000 2.000
1.000 4.000 2.000
3.000 3.000 3.000
2.000 4.000 3.000
5.000 5.000 1.000
2.000 3.000 1.000
3.000 6.000 6.000
1.000 7.000 3.000
2.000 1.000 1.000
3.000 3.000 1.000
2.000 4.000 5.000
4.000 3.000 4.000
2.000 8.000 2.000
3.000 3.000 3.000
2.000 3.000 1.000
1.000 6.000 2.000
2.000 5.000 4.000
8.000 3.000 3.000
5.000 7.000 7.000
46.000 50.000 55.000
1.000 3.000 1.000
2.000 4.000 3.000
7.000 3.000 3.000
3.000 1.000 2.000
2.000 2.000 3.000
1.000 4.000 5.000
2.000 2.000 7.000
1.000 3.000 3.000
8.000 1.000 7.000
2.000 8.000 1.000
2.000 1.000 5.000
3.000 3.000 1.000
1.000 6.000 7.000
2.000 2.000 5.000
2.000 1.000 2.000
3.000 3.000 1.000
8.000 15.000 1.000
3.000 11.000 7.000
8.000 1.000 3.000
6.000 3.000 1.000
2.000 7.000 3.000
8.000 4.000 7.000
1.000 3.000 1.000
3.000 2.000 3.000
3.000 6.000 3.000
2.000 1.000 1.000
4.000 8.000 6.000
2.000 3.000 2.000
6.000 2.000 5.000
1.000 1.000 1.000
1.000 1.000 1.000
5.000 5.000 2.000
2.000 1.000 1.000
2.000 2.000 2.000
1.000 2.000 5.000
2.000 1.000 2.000
2.000 2.000 1.000
2.000 5.000 4.000
1.000 1.000 2.000
7.000 3.000 2.000
4.000 2.000 1.000
4.000 3.000 1.000
2.000 3.000 1.000
3.000 3.000 3.000
2.000 1.000 2.000
2.000 3.000 3.000
6.000 6.000 4.000
3.000 2.000 1.000
3.000 1.000 1.000
3.000 3.000 1.000
3.000 2.000 1.000
4.000 1.000 1.000
1.000 3.000 3.000
3.000 3.000 7.000
2.000 5.000 3.000
1.000 4.000 3.000
7.000 6.000 8.000
6.000 1.000 8.000
1.000 2.000 1.000
3.000 9.000 4.000
6.000 1.000 4.000
9.000 5.000 3.000
3.000 7.000 5.000
2.000 7.000 2.000
7.000 4.000 5.000
1.000 5.000 8.000
7.000 3.000 9.000
4.000 11.000 7.000
5.000 9.000 6.000
3.000 10.000 5.000
2.000 1.000 4.000
5.000 10.000 2.000
4.000 7.000 3.000
5.000 4.000 5.000
8.000 3.000 1.000
3.000 1.000 4.000
2.000 5.000 4.000
5.000 4.000 4.000
6.000 6.000 2.000
3.000 6.000 5.000
3.000 5.000 6.000
1.000 3.000 3.000
2.000 1.000 3.000
1.000 3.000 1.000
1.000 2.000 4.000
1.000 1.000 2.000
2.000 1.000 3.000
4.000 4.000 4.000
1.000 1.000 2.000
3.000 2.000 2.000
2.000 1.000 5.000
2.000 1.000 5.000
3.000 4.000 4.000
1.000 2.000 4.000
1.000 4.000 5.000
4.000 5.000 5.000
5.000 3.000 1.000
5.000 4.000 1.000
2.000 2.000 5.000
3.000 5.000 4.000
3.000 1.000 1.000
1.000 2.000 2.000
2.000 5.000 2.000
2.000 1.000 2.000
4.000 2.000 3.000
4.000 2.000 2.000
3.000 3.000 2.000
4.000 3.000 5.000
5.000 1.000 2.000
5.000 1.000 2.000
3.000 2.000 4.000
1.000 3.000 5.000
3.000 1.000 2.000
2.000 3.000 5.000
5.000 3.000 3.000
1.000 4.000 5.000
4.000 3.000 4.000
2.000 2.000 1.000
4.000 4.000 2.000
5.000 3.000 1.000
5.000 5.000 2.000
1.000 3.000 5.000
1.000 5.000 1.000
5.000 1.000 4.000
3.000 5.000 5.000
4.000 4.000 4.000
1.000 2.000 4.000
2.000 3.000 2.000
1.000 5.000 1.000
4.000 4.000 4.000
3.000 4.000 3.000
2.000 5.000 5.000
5.000 4.000 5.000
2.000 4.000 5.000
2.000 5.000 1.000
3.000 5.000 5.000
1.000 3.000 4.000
5.000 4.000 3.000
4.000 4.000 1.000
4.000 2.000 2.000
2.000 4.000 2.000
1.000 2.000 4.000
6.000 3.000 6.000
3.000 3.000 3.000
4.000 1.000 5.000
3.000 1.000 2.000
2.000 2.000 4.000
3.000 4.000 3.000
2.000 4.000 2.000
3.000 2.000 1.000
3.000 3.000 3.000
3.000 2.000 3.000
8.000 1.000 9.000
6.000 5.000 2.000
1.000 4.000 1.000
2.000 1.000 1.000
6.000 5.000 3.000
1.000 4.000 2.000
6.000 3.000 3.000
3.000 1.000 2.000
6.000 2.000 6.000
1.000 1.000 2.000
1.000 3.000 3.000
3.000 8.000 5.000
5.000 5.000 4.000
6.000 3.000 5.000
2.000 1.000 3.000
6.000 1.000 2.000
4.000 2.000 4.000
3.000 3.000 1.000
3.000 3.000 5.000
1.000 4.000 2.000
1.000 4.000 4.000
2.000 2.000 4.000
3.000 1.000 4.000
3.000 3.000 3.000
5.000 1.000 5.000
2.000 1.000 3.000
3.000 3.000 1.000
5.000 1.000 1.000
3.000 6.000 4.000
1.000 2.000 2.000
3.000 3.000 3.000
6.000 6.000 5.000
4.000 2.000 4.000
2.000 3.000 2.000
4.000 4.000 5.000
1.000 5.000 7.000
1.000 2.000 1.000
3.000 2.000 4.000
3.000 3.000 1.000
2.000 3.000 2.000
1.000 3.000 1.000
5.000 4.000 3.000
6.000 4.000 6.000
4.000 4.000 1.000
3.000 1.000 2.000
7.000 7.000 6.000
2.000 5.000 2.000
5.000 5.000 5.000
3.000 1.000 3.000
1.000 1.000 3.000
4.000 3.000 2.000
4.000 5.000 6.000
3.000 2.000 3.000
1.000 5.000 5.000
5.000 4.000 2.000
1.000 3.000 1.000
1.000 3.000 3.000
1.000 2.000 1.000
1.000 5.000 5.000
1.000 3.000 3.000
1.000 1.000 6.000
3.000 3.000 2.000
2.000 2.000 1.000
1.000 1.000 6.000
4.000 3.000 1.000
2.000 1.000 2.000
2.000 3.000 5.000
3.000 1.000 2.000
3.000 4.000 4.000
5.000 2.000 2.000
6.000 2.000 6.000
1.000 2.000 4.000
5.000 5.000 8.000
5.000 1.000 4.000
5.000 3.000 4.000
2.000 2.000 3.000
3.000 1.000 5.000
6.000 6.000 1.000
1.000 1.000 1.000
6.000 2.000 4.000
2.000 1.000 1.000
3.000 5.000 3.000
1.000 6.000 6.000
2.000 1.000 1.000
3.000 1.000 6.000
3.000 3.000 2.000
1.000 1.000 1.000
8.000 5.000 7.000
3.000 3.000 6.000
2.000 3.000 2.000
1.000 4.000 1.000
1.000 1.000 1.000
6.000 1.000 2.000
1.000 3.000 3.000
1.000 3.000 4.000
5.000 4.000 1.000
4.000 4.000 3.000
12.000 9.000 11.000
3.000 4.000 1.000
1.000 2.000 2.000
16.000 84.000 13.000
3.000 2.000 5.000
1.000 3.000 3.000
12.000 85.000 51.000
2.000 5.000 2.000
5.000 4.000 1.000
4.000 1.000 2.000
6.000 4.000 2.000
2.000 4.000 1.000
2.000 2.000 3.000
18.000 44.000 29.000
3.000 2.000 2.000
1.000 5.000 3.000
1.000 1.000 3.000
4.000 6.000 1.000
3.000 3.000 4.000
2.000 4.000 2.000
1.000 2.000 2.000
3.000 2.000 5.000
4.000 3.000 5.000
1.000 2.000 3.000
6.000 2.000 1.000
3.000 3.000 6.000
6.000 5.000 1.000
4.000 1.000 1.000
6.000 1.000 3.000
3.000 5.000 3.000
2.000 1.000 5.000
1.000 5.000 3.000
1.000 3.000 4.000
57.000 7.000 45.000
5.000 1.000 7.000
1.000 2.000 1.000
4.000 38.000 14.000
4.000 2.000 6.000
42.000 22.000 10.000
4.000 4.000 2.000
21.000 50.000 41.000
34.000 52.000 54.000
1.000 5.000 3.000
28.000 26.000 32.000
4.000 1.000 3.000
3.000 48.000 39.000
1.000 3.000 5.000
22.000 7.000 41.000
4.000 5.000 3.000
1.000 4.000 2.000
16.000 26.000 32.000
3.000 3.000 3.000
1.000 1.000 2.000
41.000 54.000 40.000
5.000 2.000 4.000
26.000 1.000 16.000
2.000 3.000 2.000
23.000 23.000 10.000
2.000 2.000 3.000
21.000 3.000 16.000
42.000 13.000 27.000
3.000 2.000 4.000
5.000 5.000 1.000
3.000 9.000 6.000
42.000 33.000 8.000
2.000 9.000 2.000
3.000 1.000 4.000
1.000 13.000 6.000
2.000 2.000 2.000
12.000 11.000 11.000
1.000 3.000 3.000
10.000 2.000 11.000
1.000 3.000 4.000
8.000 7.000 2.000
9.000 2.000 6.000
2.000 3.000 13.000
45.000 12.000 14.000
24.000 47.000 51.000
2.000 1.000 2.000
2.000 1.000 1.000
6.000 4.000 11.000
1.000 1.000 2.000
5.000 7.000 3.000
4.000 3.000 4.000
5.000 12.000 9.000
3.000 3.000 3.000
13.000 13.000 3.000
3.000 1.000 4.000
5.000 6.000 9.000
3.000 3.000 2.000
4.000 20.000 8.000
2.000 2.000 3.000
2.000 11.000 1.000
3.000 1.000 4.000
6.000 6.000 12.000
1.000 4.000 2.000
5.000 6.000 5.000
2.000 2.000 3.000
3.000 1.000 4.000
3.000 4.000 1.000
1.000 1.000 2.000
11.000 50.000 59.000
13.000 49.000 25.000
4.000 3.000 1.000
2.000 2.000 2.000
3.000 3.000 1.000
2.000 2.000 2.000
2.000 3.000 3.000
3.000 3.000 3.000
3.000 2.000 3.000
2.000 3.000 3.000
3.000 2.000 3.000
3.000 1.000 1.000
2.000 1.000 1.000
3.000 3.000 3.000
3.000 1.000 2.000
2.000 2.000 2.000
1.000 2.000 3.000
2.000 1.000 3.000
1.000 3.000 1.000
3.000 3.000 1.000
1.000 1.000 3.000
3.000 1.000 2.000
2.000 1.000 2.000
1.000 3.000 1.000
3.000 1.000 3.000
3.000 1.000 3.000
3.000 2.000 2.000
3.000 2.000 2.000
2.000 3.000 1.000
2.000 3.000 1.000
1.000 2.000 1.000
3.000 2.000 2.000
1.000 2.000 2.000
1.000 2.000 1.000
3.000 2.000 3.000
1.000 2.000 3.000
2.000 3.000 2.000
1.000 1.000 2.000
3.000 2.000 2.000
3.000 3.000 1.000
3.000 3.000 1.000
3.000 1.000 3.000
2.000 2.000 2.000
3.000 3.000 1.000
1.000 2.000 2.000
3.000 1.000 1.000
2.000 3.000 1.000
2.000 1.000 3.000
3.000 3.000 2.000
1.000 2.000 3.000
2.000 1.000 3.000
1.000 3.000 2.000
1.000 3.000 2.000
3.000 2.000 2.000
2.000 3.000 1.000
16.000 15.000 16.000
1.000 1.000 1.000
4.000 4.000 1.000
1.000 1.000 4.000
1.000 1.000 1.000
